CONTEST_CODE;FULL_NAME;CREATE_DT;CLOSE_DT;BUSINESS_STATUS;CONTEST_TYPE;CONTEST_DESCRIPTION;CONTEST_FEATURE;SHOW_INDICATOR;PRODUCT_GROUP;PRODUCT;CONTEST_SUBJECT;FACTOR_MARK_TYPE;CONTEST_INDICATOR_METHOD;CONTEST_FACTOR_METHOD;PLAN_METHOD_CODE;PLAN_MOD_METOD;PLAN_MOD_VALUE;FACTOR_MATCH;CONTEST_PERIOD;TARGET_TYPE;SOURCE_UPD_FREQUENCY;CALC_TYPE;BUSINESS_BLOCK
01_2025-0_08-2_3;Защита 360. Накопи 500;2025-01-01;4000-01-01;АКТИВНЫЙ;ИНДИВИДУАЛЬНЫЙ НАКОПИТЕЛЬНЫЙ;описание;{"""feature""": [], """vid""": """ПРОМ""", """momentRewarding""": """DURIN""", """minNumber""": 1, """capacity""": """THOUSANDS""", """accuracy""": 0, """masking""": """N""", """tournamentStartMailing""": """N""", """tournamentEndMailing""": """N""", """tournamentLikeMailing""": """Y""", """tournamentRewardingMailing""": """Y""", """tournamentListMailing""": [], """persomanNumberVisible""": [],  """persomanNumberHidden""": [], """gosbVisible""": [], """gosbHidden""": [], """tbVisible""": [], """tbHidden""": [], """businessBlock""": ["""KMKKSB"""], """typeRewarding""": """one"""};Комиссия, тыс. руб.;Страхование;Защита 360;EMPLOYEE;CRITERION;INTEGRAL;FACT;PRESET_VALUE;;500000;>=;[];ПРОМ;7;1;["""KMKKSB"""]
01_2025-0_08-2_4;Защита бизнеса 360. Максимизируй комиссию;2025-01-01;4000-01-01;АКТИВНЫЙ;ТУРНИРНЫЙ;Чтобы стать участником турнира необходимо в 1 квартале получить комиссионное вознаграждение не менее чем от двух сделок по страховому продукту «Защита бизнеса 360». Общая сумма сделок должна превышать 2 млн рублей. ТОП-3 участника в каждом тербанке станут победителями турнира!;{"""feature""": ["""Победители получают один максимальный по достоинству бейдж""", """Победители получат возможность принять участие в бизнес-сессии управления благосостояния""", """Информация обновляется еженедельно на основе отчета по продажам продуктов управления благосостояния"""], """vid""": """ПРОМ""", """momentRewarding""": """AFTER""", """minNumber""": 1, """capacity""": """THOUSANDS""", """accuracy""": 2, """masking""": """N""", """tournamentStartMailing""": """Y""", """tournamentEndMailing""": """Y""", """tournamentLikeMailing""": """Y""", """tournamentRewardingMailing""": """Y""", """tournamentListMailing""": [], """persomanNumberVisible""": [],  """persomanNumberHidden""": [], """gosbVisible""": [], """gosbHidden""": [], """tbVisible""": [], """tbHidden""": [], """businessBlock""": ["""KMKKSB"""], """typeRewarding""": """one"""};Комиссия, тыс. руб.;Страхование;Защита 360;EMPLOYEE;RATING_MAX;INTEGRAL;FACT;PRESET_VALUE;;2000000;>=;[];ПРОМ;7;1;["""KMKKSB"""]
01_2025-0_08-2_5;Защита бизнеса 360. Максимизируй комиссию;2025-01-01;4000-01-01;АКТИВНЫЙ;ТУРНИРНЫЙ;Чтобы стать участником турнира необходимо во 2 квартале получить комиссионное вознаграждение не менее чем от двух сделок по страховому продукту «Защита Бизнеса 360». Общая сумма КВ от сделок должна превышать 2 млн рублей. ТОП-3 участника в каждом тербанке станут победителями турнира!;{"""feature""": ["""Победители получают один максимальный по достоинству бейдж""", """Победители получат возможность принять участие в бизнес-сессии управления благосостояния""", """Информация обновляется еженедельно на основе отчета по продажам продуктов управления благосостояния"""], """vid""": """ПРОМ""", """momentRewarding""": """AFTER""", """minNumber""": 1, """capacity""": """THOUSANDS""", """accuracy""": 2, """masking""": """N""", """tournamentStartMailing""": """Y""", """tournamentEndMailing""": """Y""", """tournamentLikeMailing""": """Y""", """tournamentRewardingMailing""": """Y""", """tournamentListMailing""": [], """persomanNumberVisible""": [],  """persomanNumberHidden""": [], """gosbVisible""": [], """gosbHidden""": [], """tbVisible""": [], """tbHidden""": [], """businessBlock""": ["""KMKKSB"""], """typeRewarding""": """one"""};Комиссия, тыс. руб.;Страхование;Защита 360;EMPLOYEE;RATING_MAX;INTEGRAL;FACT;PRESET_VALUE;;2000000;>=;[];ПРОМ;7;1;["""KMKKSB"""]
01_2025-0_08-6_1;Страхование залога в СберБизнес. Первая продажа;2025-01-01;4000-01-01;АКТИВНЫЙ;ИНДИВИДУАЛЬНЫЙ НАКОПИТЕЛЬНЫЙ;описание;{"""feature""": [], """vid""": """ПРОМ""", """momentRewarding""": """DURIN""", """minNumber""": 1, """capacity""": """""", """accuracy""": 0, """masking""": """N""", """tournamentStartMailing""": """N""", """tournamentEndMailing""": """N""", """tournamentLikeMailing""": """Y""", """tournamentRewardingMailing""": """Y""", """tournamentListMailing""": [], """persomanNumberVisible""": [],  """persomanNumberHidden""": [], """gosbVisible""": [], """gosbHidden""": [], """tbVisible""": [], """tbHidden""": [], """businessBlock""": ["""KMKKSB"""], """typeRewarding""": """one"""};шт.;Страхование;Залоги;EMPLOYEE;CRITERION;INTEGRAL;FACT;PRESET_VALUE;;1;>=;[];ПРОМ;7;1;["""KMKKSB"""]
01_2025-0_10-1_1;Индия накопи 100;2025-01-01;4000-01-01;АКТИВНЫЙ;ИНДИВИДУАЛЬНЫЙ НАКОПИТЕЛЬНЫЙ;описание;{"""feature""": [], """vid""": """ПРОМ""", """momentRewarding""": """DURIN""", """minNumber""": 1, """capacity""": """THOUSANDS""", """accuracy""": 0, """masking""": """N""", """tournamentStartMailing""": """N""", """tournamentEndMailing""": """N""", """tournamentLikeMailing""": """Y""", """tournamentRewardingMailing""": """Y""", """tournamentListMailing""": [], """persomanNumberVisible""": [],  """persomanNumberHidden""": [], """gosbVisible""": [], """gosbHidden""": [], """tbVisible""": [], """tbHidden""": [], """businessBlock""": ["""KMKKSB"""], """typeRewarding""": """one"""};Комиссия, тыс. руб.;ВЭД, нац рынки, хедж;Индия;EMPLOYEE;CRITERION;INTEGRAL;FACT;PRESET_VALUE;;100000;>=;[];ПРОМ;10;0;["""KMKKSB"""]
01_2025-0_10-1_2;Индия накопи 500;2025-01-01;4000-01-01;АКТИВНЫЙ;ИНДИВИДУАЛЬНЫЙ НАКОПИТЕЛЬНЫЙ;описание;{"""feature""": [], """vid""": """ПРОМ""", """momentRewarding""": """DURIN""", """minNumber""": 1, """capacity""": """THOUSANDS""", """accuracy""": 0, """masking""": """N""", """tournamentStartMailing""": """N""", """tournamentEndMailing""": """N""", """tournamentLikeMailing""": """Y""", """tournamentRewardingMailing""": """Y""", """tournamentListMailing""": [], """persomanNumberVisible""": [],  """persomanNumberHidden""": [], """gosbVisible""": [], """gosbHidden""": [], """tbVisible""": [], """tbHidden""": [], """businessBlock""": ["""KMKKSB"""], """typeRewarding""": """one"""};Комиссия, тыс. руб.;ВЭД, нац рынки, хедж;Индия;EMPLOYEE;CRITERION;INTEGRAL;FACT;PRESET_VALUE;;500000;>=;[];ПРОМ;10;0;["""KMKKSB"""]
01_2025-0_10-1_3;Индия накопи 3000;2025-01-01;4000-01-01;АКТИВНЫЙ;ИНДИВИДУАЛЬНЫЙ НАКОПИТЕЛЬНЫЙ;описание;{"""feature""": [], """vid""": """ПРОМ""", """momentRewarding""": """DURIN""", """minNumber""": 1, """capacity""": """THOUSANDS""", """accuracy""": 0, """masking""": """N""", """tournamentStartMailing""": """N""", """tournamentEndMailing""": """N""", """tournamentLikeMailing""": """Y""", """tournamentRewardingMailing""": """Y""", """tournamentListMailing""": [], """persomanNumberVisible""": [],  """persomanNumberHidden""": [], """gosbVisible""": [], """gosbHidden""": [], """tbVisible""": [], """tbHidden""": [], """businessBlock""": ["""KMKKSB"""], """typeRewarding""": """one"""};Комиссия, тыс. руб.;ВЭД, нац рынки, хедж;Индия;EMPLOYEE;CRITERION;INTEGRAL;FACT;PRESET_VALUE;;3000000;>=;[];ПРОМ;10;0;["""KMKKSB"""]
01_2025-0_10-1_4;Индия накопи 10000;2025-01-01;4000-01-01;АКТИВНЫЙ;ИНДИВИДУАЛЬНЫЙ НАКОПИТЕЛЬНЫЙ;описание;{"""feature""": [], """vid""": """ПРОМ""", """momentRewarding""": """DURIN""", """minNumber""": 1, """capacity""": """THOUSANDS""", """accuracy""": 0, """masking""": """N""", """tournamentStartMailing""": """N""", """tournamentEndMailing""": """N""", """tournamentLikeMailing""": """Y""", """tournamentRewardingMailing""": """Y""", """tournamentListMailing""": [], """persomanNumberVisible""": [],  """persomanNumberHidden""": [], """gosbVisible""": [], """gosbHidden""": [], """tbVisible""": [], """tbHidden""": [], """businessBlock""": ["""KMKKSB"""], """typeRewarding""": """one"""};Комиссия, тыс. руб.;ВЭД, нац рынки, хедж;Индия;EMPLOYEE;CRITERION;INTEGRAL;FACT;PRESET_VALUE;;10000000;>=;[];ПРОМ;10;0;["""KMKKSB"""]
01_2025-2_10-1_6;Индия. Привлекаем депозиты в рупиях;2025-01-01;4000-01-01;АКТИВНЫЙ;ТУРНИРНЫЙ;Чтобы стать участником, размести депозит в рупиях на сумму от 10 млн рупий на срок не менее 10 дней. Лучшие ТОП-3 участника по сумме таких депозитов станут победителями турнира и обладателями соответствующих наград: бронза, серебро и золото.;{"""feature""": ["""Информация обновляется 1 раз в 2 недели по данными MIS"""], """preferences""": [], """vid""": """ПРОМ""", """momentRewarding""": """AFTER""", """minNumber""": 2, """capacity""": """MILLIONS""", """accuracy""": 2, """masking""": """N""", """tournamentStartMailing""": """N""", """tournamentEndMailing""": """N""", """tournamentLikeMailing""": """N""", """tournamentRewardingMailing""": """N""", """tournamentListMailing""": [], """persomanNumberVisible""": [],  """persomanNumberHidden""": [], """gosbVisible""": [], """gosbHidden""": [], """tbVisible""": [], """tbHidden""": [], """businessBlock""": ["""KMKKSB"""], """typeRewarding""": """one""", """tournamentTeam""":"""N"""};Сумма, млн руб.;ВЭД, нац рынки, хедж;Индия;EMPLOYEE;RATING_MAX;INTEGRAL;FACT;PRESET_VALUE;;0;>;[];ПРОМ;7;0;["""KMKKSB"""]
01_2025-0_10-3_1;Бизнес девелопмент 1 договор;2025-01-01;4000-01-01;АКТИВНЫЙ;ИНДИВИДУАЛЬНЫЙ НАКОПИТЕЛЬНЫЙ;Заключи договор на предоставление услуги по поиску контрагента в Индии - Business Develpment и получи награду.;{"""feature""": ["""Учёт договоров ведется с начала 2025 года""", """Бейдж выдается за каждый заключенный договор"""], """vid""": """ПРОМ""", """momentRewarding""": """DURIN""", """minNumber""": 1, """capacity""": """THOUSANDS""", """accuracy""": 0, """masking""": """N""", """tournamentStartMailing""": """N""", """tournamentEndMailing""": """N""", """tournamentLikeMailing""": """Y""", """tournamentRewardingMailing""": """Y""", """tournamentListMailing""": [], """persomanNumberVisible""": [],  """persomanNumberHidden""": [], """gosbVisible""": [], """gosbHidden""": [], """tbVisible""": [], """tbHidden""": [], """businessBlock""": ["""KMKKSB"""], """typeRewarding""": """one"""};Договора, шт.;ВЭД, нац рынки, хедж;Бизнес девелопмент;EMPLOYEE;CRITERION;INTEGRAL;FACT;PRESET_VALUE;;1;>=;[];ПРОМ;10;1;["""KMKKSB"""]
01_2025-0_10-3_2;Бизнес девелопмент 5 договоров;2025-01-01;4000-01-01;АКТИВНЫЙ;ИНДИВИДУАЛЬНЫЙ НАКОПИТЕЛЬНЫЙ;Заключи 5 договоров на предоставление услуги по поиску контрагента в Индии - Business Develpment и получи награду.;{"""feature""": ["""Учёт договоров ведется с начала 2025 года""", """Бейдж выдается за каждый заключенный договор""", """Факт получения бейджа попадает в лену сообщества"""], """vid""": """ПРОМ""", """momentRewarding""": """DURIN""", """minNumber""": 1, """capacity""": """THOUSANDS""", """accuracy""": 0, """masking""": """N""", """tournamentStartMailing""": """N""", """tournamentEndMailing""": """N""", """tournamentLikeMailing""": """Y""", """tournamentRewardingMailing""": """Y""", """tournamentListMailing""": [], """persomanNumberVisible""": [],  """persomanNumberHidden""": [], """gosbVisible""": [], """gosbHidden""": [], """tbVisible""": [], """tbHidden""": [], """businessBlock""": ["""KMKKSB"""], """typeRewarding""": """one"""};Договора, шт.;ВЭД, нац рынки, хедж;Бизнес девелопмент;EMPLOYEE;CRITERION;INTEGRAL;FACT;PRESET_VALUE;;5;>=;[];ПРОМ;10;1;["""KMKKSB"""]
01_2025-0_10-3_3;Бизнес девелопмент 10 договоров;2025-01-01;4000-01-01;АКТИВНЫЙ;ИНДИВИДУАЛЬНЫЙ НАКОПИТЕЛЬНЫЙ;Заключи 10 договоров на предоставление услуги по поиску контрагента в Индии - Business Develpment и получи награду.;{"""feature""": ["""Учёт договоров ведется с начала 2025 года""", """Бейдж выдается за каждый заключенный договор""", """Факт получения бейджа попадает в лену сообщества"""], """vid""": """ПРОМ""", """momentRewarding""": """DURIN""", """minNumber""": 1, """capacity""": """THOUSANDS""", """accuracy""": 0, """masking""": """N""", """tournamentStartMailing""": """N""", """tournamentEndMailing""": """N""", """tournamentLikeMailing""": """Y""", """tournamentRewardingMailing""": """Y""", """tournamentListMailing""": [], """persomanNumberVisible""": [],  """persomanNumberHidden""": [], """gosbVisible""": [], """gosbHidden""": [], """tbVisible""": [], """tbHidden""": [], """businessBlock""": ["""KMKKSB"""], """typeRewarding""": """one"""};Договора, шт.;ВЭД, нац рынки, хедж;Бизнес девелопмент;EMPLOYEE;CRITERION;INTEGRAL;FACT;PRESET_VALUE;;10;>=;[];ПРОМ;10;1;["""KMKKSB"""]
01_2025-0_10-5_1;Лучшая команда ГОСБ по международным расчетам;2025-01-01;4000-01-01;АКТИВНЫЙ;ТУРНИРНЫЙ;Турнир проводится среди команд Управлений МБ, ГОСБ 1-2 и ГОСБ 3-4 групп. Для участия необходимо обеспечить положительный объем международных платежей через Сбер и альтернативные каналы (банки-партнеры и агентские схемы) в 2025 году. Итоговый рейтинг команд в турнире строится по интегральному рангу, который считается на основе абсолютной, относительной динамики объема международных платежей (вес в рейтинге по 40%) и количество клиентов с международными платежами (вес 20%). Лучшая команда в каждой группе станет победителем соревнования!;{"""feature""": ["""Методика расчета рейтинга, определение победителей и преференций регламентируется методикой немонетарной мотивации 5583-2""", """При расчете рейтинга используются данные АС ЕКС, реестры агентских платежей и данные управленческого учёта Индийского филиала""", """Обновление данных происходит 1 раз в месяц по накопительным данным с начала года"""], """preferences""": ["""Команды победители получит бюджет на командообразующее мероприятие"""], """vid""": """ПРОМ""", """momentRewarding""": """AFTER""", """minNumber""": 2, """capacity""": """""", """accuracy""": 2, """masking""": """N""", """tournamentStartMailing""": """N""", """tournamentEndMailing""": """N""", """tournamentLikeMailing""": """N""", """tournamentRewardingMailing""": """N""", """tournamentListMailing""": [], """persomanNumberVisible""": [],  """persomanNumberHidden""": [], """gosbVisible""": [], """gosbHidden""": [], """tbVisible""": [], """tbHidden""": [], """businessBlock""": ["""KMKKSB"""], """typeRewarding""": """one""", """tournamentTeam""":"""Y"""};Интегральный ранг;ВЭД, нац рынки, хедж;Все продукты;EMPLOYEE;RATING_MIN;INTEGRAL;FACT;PRESET_VALUE;;0;>;[];ПРОМ;7;0;["""KMKKSB"""]
01_2025-0_10-5_2;Лучшая проектная команда ККСБ ТБ по международным расчетам;2025-01-01;4000-01-01;АКТИВНЫЙ;ТУРНИРНЫЙ;Турнир проводится среди проектных команд ТБ. Для участия необходимо обеспечить положительный объем международных платежей через Сбер и альтернативные каналы (банки-партнеры и агентские схемы) в 2025 году. Итоговый рейтинг команд в турнире строится по интегральному рангу, который считается на основе абсолютной, относительной динамики объема международных платежей (вес в рейтинге по 40%) и количество клиентов с международными платежами (вес 20%). Лучшая проектная команда станет победителем соревнования!;{"""feature""": ["""Методика расчета рейтинга, определение победителей и преференций регламентируется методикой немонетарной мотивации 5583-2""", """Проектная команда включает: руководителей подразделения организации продаж ТБ, территориальных менеджеров, руководителей подразделения регменов, регменов, менеджеров проектов, руководителей по внедрению проектов""", """При расчете рейтинга используются данные АС ЕКС, реестры агентских платежей и данные управленческого учёта Индийского филиала""", """Обновление данных происходит 1 раз в месяц по накопительным данным с начала года"""], """preferences""": ["""Победитель получит электронный подарочный сертификат компании экосистемы Сбера"""], """vid""": """ПРОМ""", """momentRewarding""": """AFTER""", """minNumber""": 2, """capacity""": """""", """accuracy""": 2, """masking""": """N""", """tournamentStartMailing""": """N""", """tournamentEndMailing""": """N""", """tournamentLikeMailing""": """N""", """tournamentRewardingMailing""": """N""", """tournamentListMailing""": [], """persomanNumberVisible""": [],  """persomanNumberHidden""": [], """gosbVisible""": [], """gosbHidden""": [], """tbVisible""": [], """tbHidden""": [], """businessBlock""": ["""KMKKSB"""], """typeRewarding""": """one""", """tournamentTeam""":"""Y"""};Интегральный ранг;ВЭД, нац рынки, хедж;Все продукты;EMPLOYEE;RATING_MIN;INTEGRAL;FACT;PRESET_VALUE;;0;>;[];ПРОМ;7;0;["""KMKKSB"""]
01_2025-0_10-5_3;Лучшая команда ГОСБ по международным расчетам с Индией;2025-01-01;4000-01-01;АКТИВНЫЙ;ТУРНИРНЫЙ;Турнир проводится среди команд Управлений МБ, ГОСБ 1-2 и ГОСБ 3-4 групп. Для участия необходимо обеспечить положительный объем международных платежей в национальных валютах (рубли/рупии) через Индийский филиал по закрпленной клиентской базе в 2025 году. Итоговый рейтинг команд в турнире строится по интегральному рангу, который считается на основе абсолютной, относительной динамики объема международных платежей (вес в рейтинге по 40%) и количество клиентов с международными платежами (вес 20%). Лучшая команда в каждой группе станет победителем соревнования!;{"""feature""": ["""Методика расчета рейтинга, определение победителей и преференций регламентируется методикой немонетарной мотивации 5583-2""", """При расчете рейтинга используются данные АС ЕКС, реестры агентских платежей и данные управленческого учёта Индийского филиала""", """Обновление данных происходит 1 раз в месяц по накопительным данным с начала года"""], """preferences""": ["""Лучшие сотрудники команд победителей получат возможность посетить Индийский филиал и обменяться опытом с коллегами!"""], """vid""": """ПРОМ""", """momentRewarding""": """AFTER""", """minNumber""": 2, """capacity""": """""", """accuracy""": 2, """masking""": """N""", """tournamentStartMailing""": """N""", """tournamentEndMailing""": """N""", """tournamentLikeMailing""": """N""", """tournamentRewardingMailing""": """N""", """tournamentListMailing""": [], """persomanNumberVisible""": [],  """persomanNumberHidden""": [], """gosbVisible""": [], """gosbHidden""": [], """tbVisible""": [], """tbHidden""": [], """businessBlock""": ["""KMKKSB"""], """typeRewarding""": """one""", """tournamentTeam""":"""Y"""};Интегральный ранг;ВЭД, нац рынки, хедж;Все продукты;EMPLOYEE;RATING_MIN;INTEGRAL;FACT;PRESET_VALUE;;0;>;[];ПРОМ;7;0;["""KMKKSB"""]
01_2025-0_10-5_4;Лучшая проектная команда ККСБ ТБ по международным расчетам с Индией;2025-01-01;4000-01-01;АКТИВНЫЙ;ТУРНИРНЫЙ;Турнир проводится среди проектных команд ТБ. Для участия необходимо обеспечить положительный объем международных платежей в национальных валютах (рубли/рупии) через Индийский филиал по закрпленной клиентской базе в 2025 году. Итоговый рейтинг команд в турнире строится по интегральному рангу, который считается на основе абсолютной, относительной динамики объема международных платежей (вес в рейтинге по 40%) и количество клиентов с международными платежами (вес 20%). Лучшая проектная команда станет победителем соревнования!;{"""feature""": ["""Методика расчета рейтинга, определение победителей и преференций регламентируется методикой немонетарной мотивации 5583-2""", """При расчете рейтинга используются данные АС ЕКС, реестры агентских платежей и данные управленческого учёта Индийского филиала""", """Обновление данных происходит 1 раз в месяц по накопительным данным с начала года"""], """preferences""": ["""Лучший сотрудник команды победителя получит возможность посетить Индийский филиал и обменяться опытом с коллегами!"""], """vid""": """ПРОМ""", """momentRewarding""": """AFTER""", """minNumber""": 2, """capacity""": """""", """accuracy""": 2, """masking""": """N""", """tournamentStartMailing""": """N""", """tournamentEndMailing""": """N""", """tournamentLikeMailing""": """N""", """tournamentRewardingMailing""": """N""", """tournamentListMailing""": [], """persomanNumberVisible""": [],  """persomanNumberHidden""": [], """gosbVisible""": [], """gosbHidden""": [], """tbVisible""": [], """tbHidden""": [], """businessBlock""": ["""KMKKSB"""], """typeRewarding""": """one""", """tournamentTeam""":"""Y"""};Интегральный ранг;ВЭД, нац рынки, хедж;Все продукты;EMPLOYEE;RATING_MIN;INTEGRAL;FACT;PRESET_VALUE;;0;>;[];ПРОМ;7;0;["""KMKKSB"""]
01_2025-0_10-5_5;Лучшая команда ГОСБ по международным расчетам с Республикой Беларусь;2025-01-01;4000-01-01;АКТИВНЫЙ;ТУРНИРНЫЙ;Турнир проводится среди команд Управлений МБ, ГОСБ 1-2 и ГОСБ 3-4 групп. Для участия необходимо обеспечить положительный объем международных платежей через Сбер и альтернативные каналы (банки-партнеры и агентские схемы) в Республику Беларусь в 2025 году. Итоговый рейтинг команд в турнире строится по интегральному рангу, который считается на основе абсолютной, относительной динамики объема международных платежей (вес в рейтинге по 40%) и количество клиентов с международными платежами (вес 20%). Лучшая команда в каждой группе станет победителем соревнования!;{"""feature""": ["""Методика расчета рейтинга, определение победителей и преференций регламентируется методикой немонетарной мотивации 5583-2""", """При расчете рейтинга используются данные АС ЕКС, реестры агентских платежей""", """Обновление данных происходит 1 раз в месяц по накопительным данным с начала года"""], """preferences""": ["""Лучшие сотрудники команд победителей получат возможность посетить филиал в Республике Беларусь и обменяться опытом с коллегами!"""], """vid""": """ПРОМ""", """momentRewarding""": """AFTER""", """minNumber""": 2, """capacity""": """""", """accuracy""": 2, """masking""": """N""", """tournamentStartMailing""": """N""", """tournamentEndMailing""": """N""", """tournamentLikeMailing""": """N""", """tournamentRewardingMailing""": """N""", """tournamentListMailing""": [], """persomanNumberVisible""": [],  """persomanNumberHidden""": [], """gosbVisible""": [], """gosbHidden""": [], """tbVisible""": [], """tbHidden""": [], """businessBlock""": ["""KMKKSB"""], """typeRewarding""": """one""", """tournamentTeam""":"""Y"""};Интегральный ранг;ВЭД, нац рынки, хедж;Все продукты;EMPLOYEE;RATING_MIN;INTEGRAL;FACT;PRESET_VALUE;;0;>;[];ПРОМ;7;0;["""KMKKSB"""]
01_2025-0_10-5_6;Лучшая проектная команда ККСБ ТБ по международным расчетам с Республикой Беларусь;2025-01-01;4000-01-01;АКТИВНЫЙ;ТУРНИРНЫЙ;Турнир проводится среди проектных команд ТБ. Для участия необходимо обеспечить положительный объем международных платежей через Сбер и альтернативные каналы (банки-партнеры и агентские схемы) в Республику Беларусь в 2025 году. Итоговый рейтинг команд в турнире строится по интегральному рангу, который считается на основе абсолютной, относительной динамики объема международных платежей (вес в рейтинге по 40%) и количество клиентов с международными платежами (вес 20%). Лучшая проектная команда станет победителем соревнования!;{"""feature""": ["""Методика расчета рейтинга, определение победителей и преференций регламентируется методикой немонетарной мотивации 5583-2""", """При расчете рейтинга используются данные АС ЕКС, реестры агентских платежей""", """Обновление данных происходит 1 раз в месяц по накопительным данным с начала года"""], """preferences""": ["""Лучший сотрудник команды победителя получит возможность посетить филиал в Республике Беларусь и обменяться опытом с коллегами!"""], """vid""": """ПРОМ""", """momentRewarding""": """AFTER""", """minNumber""": 2, """capacity""": """""", """accuracy""": 2, """masking""": """N""", """tournamentStartMailing""": """N""", """tournamentEndMailing""": """N""", """tournamentLikeMailing""": """N""", """tournamentRewardingMailing""": """N""", """tournamentListMailing""": [], """persomanNumberVisible""": [],  """persomanNumberHidden""": [], """gosbVisible""": [], """gosbHidden""": [], """tbVisible""": [], """tbHidden""": [], """businessBlock""": ["""KMKKSB"""], """typeRewarding""": """one""", """tournamentTeam""":"""Y"""};Интегральный ранг;ВЭД, нац рынки, хедж;Все продукты;EMPLOYEE;RATING_MIN;INTEGRAL;FACT;PRESET_VALUE;;0;>;[];ПРОМ;7;0;["""KMKKSB"""]
01_2025-0_10-5_7;Лучшая команда КФИ ТБ по международным расчетам;2025-01-01;4000-01-01;АКТИВНЫЙ;ТУРНИРНЫЙ;Турнир проводится среди команд КФИ тербанков. Для участия необходимо обеспечить положительный объем международных платежей через Сбер и альтернативные каналы (банки-партнеры и агентские схемы) в 2025 году. Итоговый рейтинг команд в турнире строится по интегральному рангу, который считается на основе абсолютной, относительной динамики объема международных платежей (вес в рейтинге по 40%) и количество клиентов с международными платежами (вес 20%). Лучшая команда среди всех тербанков станет победителем соревнования!;{"""feature""": ["""Методика расчета рейтинга, определение победителей и преференций регламентируется методикой немонетарной мотивации 5583-2""", """При расчете рейтинга используются данные АС ЕКС, реестры агентских платежей и данные управленческого учёта Индийского филиала""", """Обновление данных происходит 1 раз в месяц по накопительным данным с начала года"""], """preferences""": ["""Команды победители получит бюджет на командообразующее мероприятие"""], """vid""": """ПРОМ""", """momentRewarding""": """AFTER""", """minNumber""": 2, """capacity""": """""", """accuracy""": 2, """masking""": """N""", """tournamentStartMailing""": """N""", """tournamentEndMailing""": """N""", """tournamentLikeMailing""": """N""", """tournamentRewardingMailing""": """N""", """tournamentListMailing""": [], """persomanNumberVisible""": [],  """persomanNumberHidden""": [], """gosbVisible""": [], """gosbHidden""": [], """tbVisible""": [], """tbHidden""": [], """businessBlock""": ["""KMKKSB"""], """typeRewarding""": """one""", """tournamentTeam""":"""Y"""};Интегральный ранг;ВЭД, нац рынки, хедж;Все продукты;EMPLOYEE;RATING_MIN;INTEGRAL;FACT;PRESET_VALUE;;0;>;[];ПРОМ;7;0;["""KMKKSB"""]
01_2025-0_10-5_8;Лучшая команда КФИ ТБ по международным расчетам с Индией;2025-01-01;4000-01-01;АКТИВНЫЙ;ТУРНИРНЫЙ;Турнир проводится среди команд КФИ тербанков. Для участия необходимо обеспечить положительный объем международных платежей в национальных валютах (рубли/рупии) через Индийский филиал по закрпленной клиентской базе в 2025 году. Итоговый рейтинг команд в турнире строится по интегральному рангу, который считается на основе абсолютной, относительной динамики объема международных платежей (вес в рейтинге по 40%) и количество клиентов с международными платежами (вес 20%). Лучшая команда среди всех тербанков станет победителем соревнования!;{"""feature""": ["""Методика расчета рейтинга, определение победителей и преференций регламентируется методикой немонетарной мотивации 5583-2""", """При расчете рейтинга используются данные АС ЕКС, реестры агентских платежей и данные управленческого учёта Индийского филиала""", """Обновление данных происходит 1 раз в месяц по накопительным данным с начала года"""], """preferences""": ["""Лучшие сотрудники команд победителей получат возможность посетить Индийский филиал и обменяться опытом с коллегами!"""], """vid""": """ПРОМ""", """momentRewarding""": """AFTER""", """minNumber""": 2, """capacity""": """""", """accuracy""": 2, """masking""": """N""", """tournamentStartMailing""": """N""", """tournamentEndMailing""": """N""", """tournamentLikeMailing""": """N""", """tournamentRewardingMailing""": """N""", """tournamentListMailing""": [], """persomanNumberVisible""": [],  """persomanNumberHidden""": [], """gosbVisible""": [], """gosbHidden""": [], """tbVisible""": [], """tbHidden""": [], """businessBlock""": ["""KMKKSB"""], """typeRewarding""": """one""", """tournamentTeam""":"""Y"""};Интегральный ранг;ВЭД, нац рынки, хедж;Все продукты;EMPLOYEE;RATING_MIN;INTEGRAL;FACT;PRESET_VALUE;;0;>;[];ПРОМ;7;0;["""KMKKSB"""]
01_2025-0_10-5_9;Лучшая команда КФИ ТБ по международным расчетам с Республикой Беларусь;2025-01-01;4000-01-01;АКТИВНЫЙ;ТУРНИРНЫЙ;Турнир проводится среди команд КФИ тербанков, Управлений МБ, ГОСБ 1-2 и ГОСБ 3-4 групп. Для участия необходимо обеспечить положительный объем международных платежей через Сбер и альтернативные каналы (банки-партнеры и агентские схемы) в Республику Беларусь в 2025 году. Итоговый рейтинг команд в турнире строится по интегральному рангу, который считается на основе абсолютной, относительной динамики объема международных платежей (вес в рейтинге по 40%) и количество клиентов с международными платежами (вес 20%). Лучшая команда среди всех тербанков станет победителем соревнования!;{"""feature""": ["""Методика расчета рейтинга, определение победителей и преференций регламентируется методикой немонетарной мотивации 5583-2""", """При расчете рейтинга используются данные АС ЕКС, реестры агентских платежей""", """Обновление данных происходит 1 раз в месяц по накопительным данным с начала года"""], """preferences""": ["""Лучшие сотрудники команд победителей получат возможность посетить филиал в Республике Беларусь и обменяться опытом с коллегами!"""], """vid""": """ПРОМ""", """momentRewarding""": """AFTER""", """minNumber""": 2, """capacity""": """""", """accuracy""": 2, """masking""": """N""", """tournamentStartMailing""": """N""", """tournamentEndMailing""": """N""", """tournamentLikeMailing""": """N""", """tournamentRewardingMailing""": """N""", """tournamentListMailing""": [], """persomanNumberVisible""": [],  """persomanNumberHidden""": [], """gosbVisible""": [], """gosbHidden""": [], """tbVisible""": [], """tbHidden""": [], """businessBlock""": ["""KMKKSB"""], """typeRewarding""": """one""", """tournamentTeam""":"""Y"""};Интегральный ранг;ВЭД, нац рынки, хедж;Все продукты;EMPLOYEE;RATING_MIN;INTEGRAL;FACT;PRESET_VALUE;;0;>;[];ПРОМ;7;0;["""KMKKSB"""]
01_2025-0_12-1_1;Участник ТОП-проекта цифровой транcформации;2025-01-01;4000-01-01;АКТИВНЫЙ;ИНДИВИДУАЛЬНЫЙ;описание;{"""feature""": [], """vid""": """ПРОМ""", """momentRewarding""": """DURIN""", """minNumber""": 1, """capacity""": """""", """accuracy""": 0, """masking""": """N""", """tournamentStartMailing""": """N""", """tournamentEndMailing""": """N""", """tournamentLikeMailing""": """Y""", """tournamentRewardingMailing""": """Y""", """tournamentListMailing""": [], """persomanNumberVisible""": [],  """persomanNumberHidden""": [], """gosbVisible""": [], """gosbHidden""": [], """tbVisible""": [], """tbHidden""": [], """businessBlock""": ["""KMKKSB"""], """typeRewarding""": """one"""};Факт;DTaaS;ТОП-проект;EMPLOYEE;CRITERION;INTEGRAL;FACT;PRESET_VALUE;;1;=;[];ПРОМ;10;1;["""KMKKSB"""]
01_2025-0_13-1_1;CAPMAN 1 клиент;2025-01-01;4000-01-01;АКТИВНЫЙ;ИНДИВИДУАЛЬНЫЙ НАКОПИТЕЛЬНЫЙ;сделай сделки с 1 клиентом;{"""feature""": [], """vid""": """ПРОМ""", """momentRewarding""": """DURIN""", """minNumber""": 1, """capacity""": """""", """accuracy""": 2, """masking""": """N""", """tournamentStartMailing""": """N""", """tournamentEndMailing""": """N""", """tournamentLikeMailing""": """Y""", """tournamentRewardingMailing""": """Y""", """tournamentListMailing""": [], """persomanNumberVisible""": [],  """persomanNumberHidden""": [], """gosbVisible""": [], """gosbHidden""": [], """tbVisible""": [], """tbHidden""": [], """businessBlock""": ["""KMKKSB"""], """typeRewarding""": """one"""};шт.;ДГР кредитные продукты;Хедж кредитов;EMPLOYEE;CRITERION;INTEGRAL;FACT;PRESET_VALUE;;1;>=;[];ПРОМ;7;0;["""KMKKSB"""]
01_2025-0_13-1_2;CAPMAN 3 клиента;2025-01-01;4000-01-01;АКТИВНЫЙ;ИНДИВИДУАЛЬНЫЙ НАКОПИТЕЛЬНЫЙ;сделай сделки с 3 клиентами;{"""feature""": [], """vid""": """ПРОМ""", """momentRewarding""": """DURIN""", """minNumber""": 1, """capacity""": """""", """accuracy""": 2, """masking""": """N""", """tournamentStartMailing""": """N""", """tournamentEndMailing""": """N""", """tournamentLikeMailing""": """Y""", """tournamentRewardingMailing""": """Y""", """tournamentListMailing""": [], """persomanNumberVisible""": [],  """persomanNumberHidden""": [], """gosbVisible""": [], """gosbHidden""": [], """tbVisible""": [], """tbHidden""": [], """businessBlock""": ["""KMKKSB"""], """typeRewarding""": """one"""};шт.;ДГР кредитные продукты;Хедж кредитов;EMPLOYEE;CRITERION;INTEGRAL;FACT;PRESET_VALUE;;3;>=;[];ПРОМ;7;0;["""KMKKSB"""]
01_2025-0_13-1_3;CAPMAN 10 клиентов;2025-01-01;4000-01-01;АКТИВНЫЙ;ИНДИВИДУАЛЬНЫЙ НАКОПИТЕЛЬНЫЙ;сделай сделки с 10 клиентами;{"""feature""": [], """vid""": """ПРОМ""", """momentRewarding""": """DURIN""", """minNumber""": 1, """capacity""": """""", """accuracy""": 2, """masking""": """N""", """tournamentStartMailing""": """N""", """tournamentEndMailing""": """N""", """tournamentLikeMailing""": """Y""", """tournamentRewardingMailing""": """Y""", """tournamentListMailing""": [], """persomanNumberVisible""": [],  """persomanNumberHidden""": [], """gosbVisible""": [], """gosbHidden""": [], """tbVisible""": [], """tbHidden""": [], """businessBlock""": ["""KMKKSB"""], """typeRewarding""": """one"""};шт.;ДГР кредитные продукты;Хедж кредитов;EMPLOYEE;CRITERION;INTEGRAL;FACT;PRESET_VALUE;;10;>=;[];ПРОМ;7;0;["""KMKKSB"""]
01_2025-0_13-1_4;Валютный ПФИ 1 клиент;2025-01-01;4000-01-01;АКТИВНЫЙ;ИНДИВИДУАЛЬНЫЙ НАКОПИТЕЛЬНЫЙ;сделай сделки с 1 клиентом;{"""feature""": [], """vid""": """ПРОМ""", """momentRewarding""": """DURIN""", """minNumber""": 1, """capacity""": """""", """accuracy""": 0, """masking""": """N""", """tournamentStartMailing""": """N""", """tournamentEndMailing""": """N""", """tournamentLikeMailing""": """Y""", """tournamentRewardingMailing""": """Y""", """tournamentListMailing""": [], """persomanNumberVisible""": [],  """persomanNumberHidden""": [], """gosbVisible""": [], """gosbHidden""": [], """tbVisible""": [], """tbHidden""": [], """businessBlock""": ["""KMKKSB"""], """typeRewarding""": """one"""};шт.;ДГР кредитные продукты;Хедж кредитов;EMPLOYEE;CRITERION;INTEGRAL;FACT;PRESET_VALUE;;1;>=;[];ПРОМ;7;1;["""KMKKSB"""]
01_2025-0_13-1_5;Валютный ПФИ 3 клиента;2025-01-01;4000-01-01;АКТИВНЫЙ;ИНДИВИДУАЛЬНЫЙ НАКОПИТЕЛЬНЫЙ;сделай сделки с 3 клиентами;{"""feature""": [], """vid""": """ПРОМ""", """momentRewarding""": """DURIN""", """minNumber""": 1, """capacity""": """""", """accuracy""": 0, """masking""": """N""", """tournamentStartMailing""": """N""", """tournamentEndMailing""": """N""", """tournamentLikeMailing""": """Y""", """tournamentRewardingMailing""": """Y""", """tournamentListMailing""": [], """persomanNumberVisible""": [],  """persomanNumberHidden""": [], """gosbVisible""": [], """gosbHidden""": [], """tbVisible""": [], """tbHidden""": [], """businessBlock""": ["""KMKKSB"""], """typeRewarding""": """one"""};шт.;ДГР кредитные продукты;Хедж кредитов;EMPLOYEE;CRITERION;INTEGRAL;FACT;PRESET_VALUE;;3;>=;[];ПРОМ;7;1;["""KMKKSB"""]
01_2025-0_13-1_6;Валютный ПФИ 10 клиентов;2025-01-01;4000-01-01;АКТИВНЫЙ;ИНДИВИДУАЛЬНЫЙ НАКОПИТЕЛЬНЫЙ;сделай сделки с 10 клиентами;{"""feature""": [], """vid""": """ПРОМ""", """momentRewarding""": """DURIN""", """minNumber""": 1, """capacity""": """""", """accuracy""": 0, """masking""": """N""", """tournamentStartMailing""": """N""", """tournamentEndMailing""": """N""", """tournamentLikeMailing""": """Y""", """tournamentRewardingMailing""": """Y""", """tournamentListMailing""": [], """persomanNumberVisible""": [],  """persomanNumberHidden""": [], """gosbVisible""": [], """gosbHidden""": [], """tbVisible""": [], """tbHidden""": [], """businessBlock""": ["""KMKKSB"""], """typeRewarding""": """one"""};шт.;ДГР кредитные продукты;Хедж кредитов;EMPLOYEE;CRITERION;INTEGRAL;FACT;PRESET_VALUE;;10;>=;[];ПРОМ;7;1;["""KMKKSB"""]
01_2025-0_18-7_1;1 клиент на пакет услуг;2025-01-01;4000-01-01;АКТИВНЫЙ;ИНДИВИДУАЛЬНЫЙ НАКОПИТЕЛЬНЫЙ;Описание турнира;{"""feature""": ["""Обновление информации просходит раз в неделю"""], """vid""": """ПРОМ""", """momentRewarding""": """DURIN""", """minNumber""": 1, """capacity""": """""", """accuracy""": 0, """masking""": """N""", """tournamentStartMailing""": """N""", """tournamentEndMailing""": """N""", """tournamentLikeMailing""": """Y""", """tournamentRewardingMailing""": """Y""", """tournamentListMailing""": [], """persomanNumberVisible""": [],  """persomanNumberHidden""": [], """gosbVisible""": [], """gosbHidden""": [], """tbVisible""": [], """tbHidden""": [], """businessBlock""": ["""KMKKSB"""], """typeRewarding""": """one"""};шт.;Продукты УБ в канале СБ1;Пакеты;EMPLOYEE;CRITERION;INTEGRAL;FACT;PRESET_VALUE;;1;>=;[];ПРОМ;7;1;["""KMKKSB"""]
01_2025-0_18-7_2;3 клиента на пакет услуг;2025-01-01;4000-01-01;АКТИВНЫЙ;ИНДИВИДУАЛЬНЫЙ НАКОПИТЕЛЬНЫЙ;Описание турнира;{"""feature""": ["""Обновление информации просходит раз в неделю"""], """vid""": """ПРОМ""", """momentRewarding""": """DURIN""", """minNumber""": 1, """capacity""": """""", """accuracy""": 0, """masking""": """N""", """tournamentStartMailing""": """N""", """tournamentEndMailing""": """N""", """tournamentLikeMailing""": """Y""", """tournamentRewardingMailing""": """Y""", """tournamentListMailing""": [], """persomanNumberVisible""": [],  """persomanNumberHidden""": [], """gosbVisible""": [], """gosbHidden""": [], """tbVisible""": [], """tbHidden""": [], """businessBlock""": ["""KMKKSB"""], """typeRewarding""": """one"""};шт.;Продукты УБ в канале СБ1;Пакеты;EMPLOYEE;CRITERION;INTEGRAL;FACT;PRESET_VALUE;;3;>=;[];ПРОМ;7;1;["""KMKKSB"""]
01_2025-0_18-7_3;5 клиентов на пакет услуг;2025-01-01;4000-01-01;АКТИВНЫЙ;ИНДИВИДУАЛЬНЫЙ НАКОПИТЕЛЬНЫЙ;Описание турнира;{"""feature""": ["""Обновление информации просходит раз в неделю"""], """vid""": """ПРОМ""", """momentRewarding""": """DURIN""", """minNumber""": 1, """capacity""": """""", """accuracy""": 0, """masking""": """N""", """tournamentStartMailing""": """N""", """tournamentEndMailing""": """N""", """tournamentLikeMailing""": """Y""", """tournamentRewardingMailing""": """Y""", """tournamentListMailing""": [], """persomanNumberVisible""": [],  """persomanNumberHidden""": [], """gosbVisible""": [], """gosbHidden""": [], """tbVisible""": [], """tbHidden""": [], """businessBlock""": ["""KMKKSB"""], """typeRewarding""": """one"""};шт.;Продукты УБ в канале СБ1;Пакеты;EMPLOYEE;CRITERION;INTEGRAL;FACT;PRESET_VALUE;;5;>=;[];ПРОМ;7;1;["""KMKKSB"""]
01_2025-0_18-7_4;10 клиентов на пакет услуг;2025-01-01;4000-01-01;АКТИВНЫЙ;ИНДИВИДУАЛЬНЫЙ НАКОПИТЕЛЬНЫЙ;Описание турнира;{"""feature""": ["""Обновление информации просходит раз в неделю"""], """vid""": """ПРОМ""", """momentRewarding""": """DURIN""", """minNumber""": 1, """capacity""": """""", """accuracy""": 0, """masking""": """N""", """tournamentStartMailing""": """N""", """tournamentEndMailing""": """N""", """tournamentLikeMailing""": """Y""", """tournamentRewardingMailing""": """Y""", """tournamentListMailing""": [], """persomanNumberVisible""": [],  """persomanNumberHidden""": [], """gosbVisible""": [], """gosbHidden""": [], """tbVisible""": [], """tbHidden""": [], """businessBlock""": ["""KMKKSB"""], """typeRewarding""": """one"""};шт.;Продукты УБ в канале СБ1;Пакеты;EMPLOYEE;CRITERION;INTEGRAL;FACT;PRESET_VALUE;;10;>=;[];ПРОМ;7;1;["""KMKKSB"""]
01_2025-0_18-7_5;Пакеты услуг. Привлекаем ЛПР на обслуживание в СберПервый;2025-01-01;4000-01-01;АКТИВНЫЙ;ТУРНИРНЫЙ;Чтобы стать участником турнира, подключайте пакеты услуг СберПервого 4 или 5 уровня ЛПР-ам своих клиентов. Главное условие: на конец календарного месяца ЛПР должен иметь остатки свыше 10 млн. руб. Менеджеры с наибольшим числом действующих пакетов услуг на конец турнира станут победителями турнира: ТОП 1 в тербанке получат серебряные награды, а лучший участник по стране станет обладателем золотой награды!;{"""feature""": ["""Победители получат бесплатное премиальное обслуживание 4 уровня сроком на один год""", """Пакеты услуг могут быть подключены любым способом: по SLA, ФОТ или самостоятельно оплачиваться клиентом""", """В зачет идут пакеты услуг, подключенные после 1 марта 2025 года вместе с закрытой сделкой в ЕФС""", """Для победы необходимо минимум 3 действующих пакета услуг и выполнение требования по остаткам на последний день турнира""", """Если участники имеют одинаковое количество пакетов услуг, то победит менеджер, у которого ЛПР - обладатели пакетов услуг - имеют большую сумму остатков на счетах (AUM)""", """ЛПР - это представители компании, являющиеся ЕИО или бенефициарами"""], """vid""": """ПРОМ""", """momentRewarding""": """AFTER""", """minNumber""": 1, """capacity""": """""", """accuracy""": 0, """masking""": """N""", """tournamentStartMailing""": """Y""", """tournamentEndMailing""": """Y""", """tournamentLikeMailing""": """Y""", """tournamentRewardingMailing""": """Y""", """tournamentListMailing""": [], """persomanNumberVisible""": [], """persomanNumberHidden""": [], """gosbVisible""": [], """gosbHidden""": [], """tbVisible""": [], """tbHidden""": [], """businessBlock""": ["""KMKKSB"""], """typeRewarding""": """one"""};Пакеты услуг;Продукты УБ в канале СБ1;Пакеты;EMPLOYEE;RATING_MAX;INTEGRAL;FACT;PRESET_VALUE;;3;>=;[];ПРОМ;7;1;["""KMKKSB"""]
01_2025-1_00-1;1 полугодие 2025 КМ ККСБ;2025-01-01;4000-01-01;АКТИВНЫЙ;ТУРНИРНЫЙ;Сезон 1 полугодние 2025 год. Турниры;{"""feature""": ["""Победители получают один максимальный по достоинству бейдж"""], """vid""": """ПРОМ""", """momentRewarding""": """AFTER""", """minNumber""": 1, """capacity""": """""", """accuracy""": 0, """masking""": """N""", """tournamentStartMailing""": """Y""", """tournamentEndMailing""": """Y""", """tournamentLikeMailing""": """Y""", """tournamentRewardingMailing""": """N""", """tournamentListMailing""": [], """persomanNumberVisible""": [],  """persomanNumberHidden""": [], """gosbVisible""": [], """gosbHidden""": [], """tbVisible""": [], """tbHidden""": [], """businessBlock""": ["""KMKKSB"""], """typeRewarding""": """one"""};Факт;Системные;Сезоны;EMPLOYEE;RATING_MAX;INTEGRAL;FACT;PRESET_VALUE;;0;>;[];ПРОМ;7;1;["""KMKKSB"""]
01_2025-1_01-6;Благотворительность;2025-01-01;4000-01-01;АКТИВНЫЙ;ИНДИВИДУАЛЬНЫЙ;описание;{"""feature""": [], """vid""": """ПРОМ""", """momentRewarding""": """DURIN""", """minNumber""": 1, """capacity""": """""", """accuracy""": 0, """masking""": """N""", """tournamentStartMailing""": """N""", """tournamentEndMailing""": """N""", """tournamentLikeMailing""": """Y""", """tournamentRewardingMailing""": """Y""", """tournamentListMailing""": [], """persomanNumberVisible""": [],  """persomanNumberHidden""": [], """gosbVisible""": [], """gosbHidden""": [], """tbVisible""": [], """tbHidden""": [], """businessBlock""": ["""KMKKSB"""], """typeRewarding""": """one"""};Факт;Статусные;Благотворительность;EMPLOYEE;CRITERION;INTEGRAL;FACT;PRESET_VALUE;;1;=;[];ПРОМ;7;1;["""KMKKSB"""]
01_2025-1_01-7_1;Марафон исследований;2025-01-01;4000-01-01;АКТИВНЫЙ;ТУРНИРНЫЙ;Станьте частью увлекательного турнира для клиентских менеджеров ККСБ! Участвуйте в опросах, интервью и фокус-группах, чтобы поделиться своим мнением и опытом. \\nКаждая активность приносит баллы, которые открывают путь к победе и ценным призам! \\nЧтобы принять участие, следите за приглашениями от research_efs_kksb@sberbank.ru;{"""feature""": ["""Победители получают один максимальный по достоинству бейдж""", """В текущем турнире могут принять участие менеджеры, кто не занимал призовые места в прошлых периодах""", """При равном количестве баллов побеждает участник, который участвовал в более «весомых» активностях (например, интервью или фокус-группы)""", """Используйте реферальную программу «приведи друга – клиентского менеджера», чтобы получить сразу 100 баллов!"""], """vid""": """ПРОМ""", """momentRewarding""": """AFTER""", """minNumber""": 1, """capacity""": """""", """accuracy""": 0, """masking""": """N""", """tournamentStartMailing""": """Y""", """tournamentEndMailing""": """Y""", """tournamentLikeMailing""": """Y""", """tournamentRewardingMailing""": """Y""", """tournamentListMailing""": [], """persomanNumberVisible""": [],  """persomanNumberHidden""": [], """gosbVisible""": [], """gosbHidden""": [], """tbVisible""": [], """tbHidden""": [], """businessBlock""": ["""KMKKSB"""], """typeRewarding""": """one"""};Факт;Статусные;Исследование;EMPLOYEE;RATING_MAX;INTEGRAL;FACT;PRESET_VALUE;;0;>;[];ПРОМ;7;1;["""KMKKSB"""]
01_2025-1_02-1_1;Пассивы. Максимизируй прирост остатка;2025-01-01;2025-06-30;АКТИВНЫЙ;ТУРНИРНЫЙ;Участвуют клиентские менеджеры, которые второй месяц подряд (включая месяц проведения турнира) показывают положительный прирост остатка пассивов по своим клиентам. \\nПо итогам месяца в каждом ТБ победят менеджеры, вошедшие в 10% лучших по результату. Их ждет бронзовая награда. А ТОП-10 участников с наибольшими результатами во всей стране получат серебряные и золотые бейджи!;{"""feature""": ["""Данные основаны на оперативных кубах MIS""", """Обновление информации просходит 1 раз в неделю""", """Победители получают один максимальный по достоинству бейдж"""], """vid""": """ПРОМ""", """momentRewarding""": """AFTER""", """minNumber""": 2, """capacity""": """MILLIONS""", """accuracy""": 2, """masking""": """N""", """tournamentStartMailing""": """Y""", """tournamentEndMailing""": """Y""", """tournamentLikeMailing""": """Y""", """tournamentRewardingMailing""": """Y""", """tournamentListMailing""": [], """persomanNumberVisible""": [],  """persomanNumberHidden""": [], """gosbVisible""": [], """gosbHidden""": [], """tbVisible""": [], """tbHidden""": [], """businessBlock""": ["""KMKKSB"""], """typeRewarding""": """one"""};Прирост, млн руб.;Пассивы, РКО;Пассивы все;EMPLOYEE;RATING_MAX;INTEGRAL;FACT0-FACT1;PRESET_VALUE;;0;>;"[{"""period_code""": 0, """criterion_mark_type""": """>""", """criterion_mark_value""": 0 }, {"""period_code""": 1, """criterion_mark_type""": """>""", """criterion_mark_value""": 0 }]";ПРОМ;1;0;["""KMKKSB"""]
01_2025-1_02-1_2;Пассивы. Зарабатывай на привлечении;2025-01-01;4000-01-01;АКТИВНЫЙ;ТУРНИРНЫЙ;Участвуют клиентские менеджеры, которые с 1 января 2025 года показали положительный прирост среднего остатка пассивов (РТС, НСО, депозиты). Учитываются, привлеченные под положительную маржу. \\nПо итогам турнира в каждом ТБ победят менеджеры, вошедшие в 20% лучших по интегральному показателю: 50% абсолютный прирост пассивов и 50% относительная динамика прироста!;{"""feature""": ["""Данные основаны на оперативных кубах MIS""", """Обновление информации просходит 1 раз в месяц""", """Итоговое закрепление за КМ будет обновлено на последнюю дату турнира"""], """vid""": """ПРОМ""", """momentRewarding""": """AFTER""", """minNumber""": 2, """capacity""": """THOUSANDS""", """accuracy""": 2, """masking""": """N""", """tournamentStartMailing""": """N""", """tournamentEndMailing""": """N""", """tournamentLikeMailing""": """Y""", """tournamentRewardingMailing""": """Y""", """tournamentListMailing""": [], """persomanNumberVisible""": ["""01340230""", """00673892""", """01737312""", """01807213""", """00013701""", """01767368""", """01661250"""], """persomanNumberHidden""": [], """gosbVisible""": [], """gosbHidden""": [], """tbVisible""": [], """tbHidden""": [], """businessBlock""": ["""KMKKSB"""], """typeRewarding""": """one"""};Прирост, тыс. руб.;Пассивы, РКО;Пассивы все;EMPLOYEE;RATING_MAX;INTEGRAL;FACT0-FACT1;PRESET_VALUE;;0;>;[];ПРОМ;1;1;["""KMKKSB"""]
01_2025-1_02-2_2;Пассивы. Прирост остатка долгосрочных депозитов;2025-01-01;4000-01-01;АКТИВНЫЙ;ТУРНИРНЫЙ;Участвуют клиентские менеджеры, которые за месяц проведения турнира показали положительный прирост остатка депозитов со сроком 31 день и более по своим клиентам. \\nПо итогам месяца в каждом ТБ победят менеджеры, вошедшие в ТОП-5 лучших по результату. А ТОП-10 участников с наибольшими результатами во всей стране получат золотой бейдж и публикацию про себя в ленте Сообщества!;{"""feature""": ["""Победители получают один максимальный по достоинству бейдж""", """Данные основаны на оперативных кубах MIS""", """Обновление информации просходит 1 раз в неделю"""], """vid""": """ПРОМ""", """momentRewarding""": """AFTER""", """minNumber""": 2, """capacity""": """MILLIONS""", """accuracy""": 2, """masking""": """N""", """tournamentStartMailing""": """Y""", """tournamentEndMailing""": """Y""", """tournamentLikeMailing""": """Y""", """tournamentRewardingMailing""": """Y""", """tournamentListMailing""": [], """persomanNumberVisible""": [],  """persomanNumberHidden""": [], """gosbVisible""": [], """gosbHidden""": [], """tbVisible""": [], """tbHidden""": [], """businessBlock""": ["""KMKKSB"""], """typeRewarding""": """one"""};Прирост, млн руб.;Пассивы, РКО;Депозиты;EMPLOYEE;RATING_MAX;INTEGRAL;FACT0-FACT1;PRESET_VALUE;;0;>;"[{"""period_code""": 0, """criterion_mark_type""": """>""", """criterion_mark_value""": 0 }, {"""period_code""": 1, """criterion_mark_type""": """>""", """criterion_mark_value""": 0 }]";ПРОМ;1;0;["""KMKKSB"""]
01_2025-1_02-3_1t;Интернализация..;2025-01-01;4000-01-01;АКТИВНЫЙ;ТУРНИРНЫЙ;Чтобы стать участником, покажи в текущем месяце положительный прирост коэффициента интернализации. \\nПо итогам месяца награду будем вручать 10% лучшим на уровне ГОСБ, а также ТОП-3 КМ с наибольшим приростом на уровне ТБ и в целом по стране. Удачи!;{"""feature""": ["""Данные основаны на тестовом источнике""", """Награда по ГОСБ вручается, если число участников не менее 2х"""], """vid""": """ПРОМ""", """momentRewarding""": """AFTER""", """minNumber""": 2, """capacity""": """""", """accuracy""": 2, """masking""": """N""", """tournamentStartMailing""": """N""", """tournamentEndMailing""": """N""", """tournamentLikeMailing""": """N""", """tournamentRewardingMailing""": """N""", """tournamentListMailing""": [], """persomanNumberVisible""": ["""01340230""", """00673892"""],  """persomanNumberHidden""": [], """gosbVisible""": [], """gosbHidden""": [], """tbVisible""": [], """tbHidden""": [], """businessBlock""": ["""KMKKSB"""], """typeRewarding""": """all"""};%;Пассивы, РКО;Интернализация;EMPLOYEE;RATING_MAX;INTEGRAL;FACT0-FACT1;PRESET_VALUE;;0;>;[];ТЕСТ;7;0;["""KMKKSB"""]
01_2025-1_04-1_1;Эквайринг. Расту в доходе;2025-01-01;4000-01-01;АКТИВНЫЙ;ТУРНИРНЫЙ;Чтобы стать участником турнира необходимо за три месяца турнира по продуктам "Торговый эквайринг" и "Интернет-эквайринг" показать положительный прирост по сравнению с тремя предыдущими месяцами (март-апрель-май) сразу двух показателей: комиссионный доход и средневзвешенный тариф. По итогам турнирм мы определем 10 лучших менеджеров в каждом ТБ и в целом по стране.;{"""feature""": ["""Показатель турнира - интегральный показатель на 50% учитывающий прирост комиссии и на 50% прирост тарифа""", """Данные основаны на оперативных кубах MIS""", """Обновление данных происходит раз в 2 недели"""], """vid""": """ПРОМ""", """momentRewarding""": """AFTER""", """minNumber""": 2, """capacity""": """""", """accuracy""": 2, """masking""": """N""", """tournamentStartMailing""": """Y""", """tournamentEndMailing""": """Y""", """tournamentLikeMailing""": """Y""", """tournamentRewardingMailing""": """Y""", """tournamentListMailing""": [], """persomanNumberVisible""": [],  """persomanNumberHidden""": [], """gosbVisible""": [], """gosbHidden""": [], """tbVisible""": [], """tbHidden""": [], """businessBlock""": ["""KMKKSB"""], """typeRewarding""": """one"""};Ср. балл;Эквайринг;эквайринг весь;EMPLOYEE;RATING_MIN;INTEGRAL;FACT;PRESET_VALUE;;0;>;[];ПРОМ;7;1;["""KMKKSB"""]
01_2025-1_05-1_1;ФОТ. Прирост объема перечислений;2025-01-01;4000-01-01;АКТИВНЫЙ;ТУРНИРНЫЙ;Чтобы стать участником, покажи в текущем месяце положительный прирост объема ФОТ по своей клиентской базе. Учитываются новые договоры и расширения по текущим. \\n10% участников с наибольшими результатами в своем ГОСБ (Аппарате ТБ) получат бронзовый бейдж. ТОП-3 участников с лучшими приростами в своих тербанках получат серебряный бейдж. Наконец, золотой бейдж и публикацию про себя в ленте Сообщества получат ТОП-5 участников с лучшими результатами по всей стране. Удачи!;{"""feature""": ["""Победители получают один максимальный по достоинству бейдж""", """Данные основаны на оперативных кубах MIS""", """Награда по ГОСБ вручается, если число участников не менее 2х"""], """vid""": """ПРОМ""", """momentRewarding""": """AFTER""", """minNumber""": 2, """capacity""": """MILLIONS""", """accuracy""": 2, """masking""": """N""", """tournamentStartMailing""": """Y""", """tournamentEndMailing""": """Y""", """tournamentLikeMailing""": """Y""", """tournamentRewardingMailing""": """Y""", """tournamentListMailing""": [], """persomanNumberVisible""": [],  """persomanNumberHidden""": [], """gosbVisible""": [], """gosbHidden""": [], """tbVisible""": [], """tbHidden""": [], """businessBlock""": ["""KMKKSB"""], """typeRewarding""": """one"""};Прирост, млн руб.;ФОТ;ФОТ;EMPLOYEE;RATING_MAX;INTEGRAL;RUN_RATE;PRESET_VALUE;;0;>;"[{"""period_code""": 0, """criterion_mark_type""": """>""", """criterion_mark_value""": 0 }, {"""period_code""": 1, """criterion_mark_type""": """>""", """criterion_mark_value""": 0 }]";ПРОМ;7;1;["""KMKKSB"""]
01_2025-1_05-1_2t;ФОТ.. Прирост объема перечислений;2025-01-01;4000-01-01;АКТИВНЫЙ;ТУРНИРНЫЙ;Чтобы стать участником, покажи в текущем месяце положительный прирост объема ФОТ по своей клиентской базе. Учитываются новые договоры и расширения по текущим. \\n10% участников с наибольшими результатами в своем ГОСБ (Аппарате ТБ) получат бронзовый бейдж. ТОП-3 участников с лучшими приростами в своих тербанках получат серебряный бейдж. Наконец, золотой бейдж и публикацию про себя в ленте Сообщества получат ТОП-5 участников с лучшими результатами по всей стране. Удачи!;{"""feature""": ["""Победители получают один максимальный по достоинству бейдж""", """Данные основаны на оперативных кубах MIS""", """Награда по ГОСБ вручается, если число участников не менее 2х"""], """vid""": """ПРОМ""", """momentRewarding""": """AFTER""", """minNumber""": 2, """capacity""": """MILLIONS""", """accuracy""": 2, """masking""": """N""", """tournamentStartMailing""": """N""", """tournamentEndMailing""": """N""", """tournamentLikeMailing""": """N""", """tournamentRewardingMailing""": """N""", """tournamentListMailing""": [], """persomanNumberVisible""": ["""01340230""", """00673892"""],  """persomanNumberHidden""": [], """gosbVisible""": [], """gosbHidden""": [], """tbVisible""": [], """tbHidden""": [], """businessBlock""": ["""KMKKSB"""], """typeRewarding""": """one"""};Прирост, млн руб.;ФОТ;ФОТ;EMPLOYEE;RATING_MAX;INTEGRAL;FACT0-RUN_RATE1_DOWN;PRESET_VALUE;;0;>;"[{"""period_code""": 0, """criterion_mark_type""": """>""", """criterion_mark_value""": 0 }, {"""period_code""": 1, """criterion_mark_type""": """>""", """criterion_mark_value""": 0 }]";ТЕСТ;7;0;["""KMKKSB"""]
01_2025-1_07-5_1;1 млн руб по Process Mining;2025-01-01;4000-01-01;АКТИВНЫЙ;ИНДИВИДУАЛЬНЫЙ;Описание турнира;{"""feature""": [], """vid""": """ПРОМ""", """momentRewarding""": """DURIN""", """minNumber""": 1, """capacity""": """""", """accuracy""": 0, """masking""": """N""", """tournamentStartMailing""": """N""", """tournamentEndMailing""": """N""", """tournamentLikeMailing""": """Y""", """tournamentRewardingMailing""": """Y""", """tournamentListMailing""": [], """persomanNumberVisible""": [],  """persomanNumberHidden""": [], """gosbVisible""": [], """gosbHidden""": [], """tbVisible""": [], """tbHidden""": [], """businessBlock""": ["""KMKKSB"""], """typeRewarding""": """one"""};Сумма, руб.;Экосистема;AI-native;EMPLOYEE;CRITERION;INTEGRAL;FACT;PRESET_VALUE;;1000000;>=;[];ПРОМ;7;1;["""KMKKSB"""]
01_2025-1_07-5_10;2 клиента по СберИндексПро;2025-01-01;4000-01-01;АКТИВНЫЙ;ИНДИВИДУАЛЬНЫЙ;Описание турнира;{"""feature""": [], """vid""": """ПРОМ""", """momentRewarding""": """DURIN""", """minNumber""": 1, """capacity""": """""", """accuracy""": 0, """masking""": """N""", """tournamentStartMailing""": """N""", """tournamentEndMailing""": """N""", """tournamentLikeMailing""": """Y""", """tournamentRewardingMailing""": """Y""", """tournamentListMailing""": [], """persomanNumberVisible""": [],  """persomanNumberHidden""": [], """gosbVisible""": [], """gosbHidden""": [], """tbVisible""": [], """tbHidden""": [], """businessBlock""": ["""KMKKSB"""], """typeRewarding""": """one"""};шт.;Экосистема;AI-native;EMPLOYEE;CRITERION;INTEGRAL;FACT;PRESET_VALUE;;2;>=;[];ПРОМ;7;1;["""KMKKSB"""]
01_2025-1_07-5_2;1 млн руб по Навигатор BI;2025-01-01;4000-01-01;АКТИВНЫЙ;ИНДИВИДУАЛЬНЫЙ;Описание турнира;{"""feature""": [], """vid""": """ПРОМ""", """momentRewarding""": """DURIN""", """minNumber""": 1, """capacity""": """""", """accuracy""": 2, """masking""": """N""", """tournamentStartMailing""": """N""", """tournamentEndMailing""": """N""", """tournamentLikeMailing""": """Y""", """tournamentRewardingMailing""": """Y""", """tournamentListMailing""": [], """persomanNumberVisible""": [],  """persomanNumberHidden""": [], """gosbVisible""": [], """gosbHidden""": [], """tbVisible""": [], """tbHidden""": [], """businessBlock""": ["""KMKKSB"""], """typeRewarding""": """one"""};Сумма, руб.;Экосистема;AI-native;EMPLOYEE;CRITERION;INTEGRAL;FACT;PRESET_VALUE;;1000000;>=;[];ПРОМ;7;1;["""KMKKSB"""]
01_2025-1_07-5_3;250 тыс. руб. по СберИндексПро;2025-01-01;4000-01-01;АКТИВНЫЙ;ИНДИВИДУАЛЬНЫЙ;Описание турнира;{"""feature""": [], """vid""": """ПРОМ""", """momentRewarding""": """DURIN""", """minNumber""": 1, """capacity""": """""", """accuracy""": 0, """masking""": """N""", """tournamentStartMailing""": """N""", """tournamentEndMailing""": """N""", """tournamentLikeMailing""": """Y""", """tournamentRewardingMailing""": """Y""", """tournamentListMailing""": [], """persomanNumberVisible""": [],  """persomanNumberHidden""": [], """gosbVisible""": [], """gosbHidden""": [], """tbVisible""": [], """tbHidden""": [], """businessBlock""": ["""KMKKSB"""], """typeRewarding""": """one"""};Сумма, руб.;Экосистема;AI-native;EMPLOYEE;CRITERION;INTEGRAL;FACT;PRESET_VALUE;;250000;>=;[];ПРОМ;7;1;["""KMKKSB"""]
01_2025-1_07-5_5;Process Mining. Максимизируй комиссию;2025-01-01;4000-01-01;АКТИВНЫЙ;ТУРНИРНЫЙ;Чтобы стать участником, необходимо за время турнира закрыть как минимум одну сделку по продукту Process Mining. Лучшие ТОП-10 участников по сумме сделок станут победителями турнира и получат свои награды!;{"""feature""": ["""В сделку обязательно включена лицензия SPM""", """Договор подписан, оплачен и заактирован клиентом в период проведения турнира""",  """Период учета сделок: с 1 марта 2025 года по 31 июля 2025 года"""], """vid""": """ПРОМ""", """momentRewarding""": """AFTER""", """minNumber""": 1, """capacity""": """THOUSANDS""", """accuracy""": 2, """masking""": """N""", """tournamentStartMailing""": """Y""", """tournamentEndMailing""": """Y""", """tournamentLikeMailing""": """Y""", """tournamentRewardingMailing""": """Y""", """tournamentListMailing""": [], """persomanNumberVisible""": [],  """persomanNumberHidden""": [], """gosbVisible""": [], """gosbHidden""": [], """tbVisible""": [], """tbHidden""": [], """businessBlock""": ["""KMKKSB"""], """typeRewarding""": """one"""};Сумма, тыс. руб.;Экосистема;AI-native;EMPLOYEE;RATING_MAX;INTEGRAL;FACT;PRESET_VALUE;;0;>;[];ПРОМ;7;1;["""KMKKSB"""]
01_2025-1_07-5_6;Навигатор BI. Максимизируй комиссию;2025-01-01;4000-01-01;АКТИВНЫЙ;ТУРНИРНЫЙ;Чтобы стать участником, необходимо за время турнира закрыть как минимум одну сделку по продукту Навигатор BI. 10 лучших участников по объему сделок станут победителями турнира и получат свои награды!;{"""feature""": ["""Сделка принимается к учету после оплаты клиентов по счету""",  """Период учета сделок: с 1 марта 2025 года по 31 июля 2025 года"""], """vid""": """ПРОМ""", """momentRewarding""": """AFTER""", """minNumber""": 1, """capacity""": """THOUSANDS""", """accuracy""": 2, """masking""": """N""", """tournamentStartMailing""": """Y""", """tournamentEndMailing""": """Y""", """tournamentLikeMailing""": """Y""", """tournamentRewardingMailing""": """Y""", """tournamentListMailing""": [], """persomanNumberVisible""": [],  """persomanNumberHidden""": [], """gosbVisible""": [], """gosbHidden""": [], """tbVisible""": [], """tbHidden""": [], """businessBlock""": ["""KMKKSB"""], """typeRewarding""": """one"""};Сумма, тыс. руб.;Экосистема;AI-native;EMPLOYEE;RATING_MAX;INTEGRAL;FACT;PRESET_VALUE;;0;>;[];ПРОМ;7;1;["""KMKKSB"""]
01_2025-1_07-5_7;СберИндексПро. Максимизируй комиссию;2025-01-01;4000-01-01;АКТИВНЫЙ;ТУРНИРНЫЙ;Чтобы стать участником, необходимо за время турнира закрыть как минимум одну сделку по продукту СберИндекПро. Лучшие ТОП-5 участников по объему сделок станут победителями турнира и получат свои награды!;{"""feature""": ["""Сделка принимается к учету после оплаты клиентов по счету""",  """Период учета сделок: с 1 марта 2025 года по 31 июля 2025 года"""], """vid""": """ПРОМ""", """momentRewarding""": """AFTER""", """minNumber""": 1, """capacity""": """THOUSANDS""", """accuracy""": 2, """masking""": """N""", """tournamentStartMailing""": """Y""", """tournamentEndMailing""": """Y""", """tournamentLikeMailing""": """Y""", """tournamentRewardingMailing""": """Y""", """tournamentListMailing""": [], """persomanNumberVisible""": [],  """persomanNumberHidden""": [], """gosbVisible""": [], """gosbHidden""": [], """tbVisible""": [], """tbHidden""": [], """businessBlock""": ["""KMKKSB"""], """typeRewarding""": """one"""};Сумма, тыс. руб.;Экосистема;AI-native;EMPLOYEE;RATING_MAX;INTEGRAL;FACT;PRESET_VALUE;;0;>;[];ПРОМ;7;1;["""KMKKSB"""]
01_2025-1_07-5_8;2 клиента по Process Mining;2025-01-01;4000-01-01;АКТИВНЫЙ;ИНДИВИДУАЛЬНЫЙ;Описание турнира;{"""feature""": [], """vid""": """ПРОМ""", """momentRewarding""": """DURIN""", """minNumber""": 1, """capacity""": """""", """accuracy""": 0, """masking""": """N""", """tournamentStartMailing""": """N""", """tournamentEndMailing""": """N""", """tournamentLikeMailing""": """Y""", """tournamentRewardingMailing""": """Y""", """tournamentListMailing""": [], """persomanNumberVisible""": [],  """persomanNumberHidden""": [], """gosbVisible""": [], """gosbHidden""": [], """tbVisible""": [], """tbHidden""": [], """businessBlock""": ["""KMKKSB"""], """typeRewarding""": """one"""};шт.;Экосистема;AI-native;EMPLOYEE;CRITERION;INTEGRAL;FACT;PRESET_VALUE;;2;>=;[];ПРОМ;7;1;["""KMKKSB"""]
01_2025-1_07-5_9;2 клиента по Навигатор BI;2025-01-01;4000-01-01;АКТИВНЫЙ;ИНДИВИДУАЛЬНЫЙ;Описание турнира;{"""feature""": [], """vid""": """ПРОМ""", """momentRewarding""": """DURIN""", """minNumber""": 1, """capacity""": """""", """accuracy""": 0, """masking""": """N""", """tournamentStartMailing""": """N""", """tournamentEndMailing""": """N""", """tournamentLikeMailing""": """Y""", """tournamentRewardingMailing""": """Y""", """tournamentListMailing""": [], """persomanNumberVisible""": [],  """persomanNumberHidden""": [], """gosbVisible""": [], """gosbHidden""": [], """tbVisible""": [], """tbHidden""": [], """businessBlock""": ["""KMKKSB"""], """typeRewarding""": """one"""};шт.;Экосистема;AI-native;EMPLOYEE;CRITERION;INTEGRAL;FACT;PRESET_VALUE;;2;>=;[];ПРОМ;7;1;["""KMKKSB"""]
01_2025-1_08-1_1;Страхование. Рыночные продажи;2025-01-01;4000-01-01;АКТИВНЫЙ;ТУРНИРНЫЙ;Чтобы стать участником, заключи в текущем месяце договор и успей получить комиссию до конца турнира по рыночным продажам продуктов страхового брокера. В турнирную таблицу попадут менеджеры, собравшие 50 тыс. руб. и более. \\nПо итогам месяца 10% участников с лучшими результатами в каждом тербанке получат бронзовый бейдж, а ТОП-10 по сумме комиссии клиентских менеджеров станут обладателями серебряных и золотых наград!;{"""feature""": ["""Победители получают один максимальный по достоинству бейдж""", """Информация обновляется еженедельно на основе отчета страхового брокера""", """Награда по ГОСБ вручается, если число участников не менее 2х"""], """vid""": """ПРОМ""", """momentRewarding""": """AFTER""", """minNumber""": 2, """capacity""": """THOUSANDS""", """accuracy""": 2, """masking""": """N""", """tournamentStartMailing""": """Y""", """tournamentEndMailing""": """Y""", """tournamentLikeMailing""": """Y""", """tournamentRewardingMailing""": """Y""", """tournamentListMailing""": [], """persomanNumberVisible""": [],  """persomanNumberHidden""": [], """gosbVisible""": [], """gosbHidden""": [], """tbVisible""": [], """tbHidden""": [], """businessBlock""": ["""KMKKSB"""], """typeRewarding""": """one"""};Сумма, тыс. руб.;Страхование;Рыночные Продажи;EMPLOYEE;RATING_MAX;INTEGRAL;FACT;PRESET_VALUE;;0;>;[];ПРОМ;7;1;["""KMKKSB"""]
01_2025-1_09-1_1;Гарантии. Прирост комиссии;2025-01-01;4000-01-01;АКТИВНЫЙ;ТУРНИРНЫЙ;Чтобы стать участником, получи в текущем месяце комиссию по банковским гарантиям больше, чем в предыдущем. \\nПо итогам месяца в каждом ГОСБ менеджеры с ТОП-1 приростом получат бронзовый бейдж. А вошедние в ТОП-15 по приросту во всей стрнане смогут претендовать на золотые и серебряные награды!;{"""feature""": ["""Победители получают один максимальный по достоинству бейдж""", """Данные основаны на оперативных кубах MIS""", """Награда по ГОСБ вручается, если число участников не менее 2х"""], """vid""": """ПРОМ""", """momentRewarding""": """AFTER""", """minNumber""": 2, """capacity""": """THOUSANDS""", """accuracy""": 2, """masking""": """N""", """tournamentStartMailing""": """Y""", """tournamentEndMailing""": """Y""", """tournamentLikeMailing""": """Y""", """tournamentRewardingMailing""": """Y""", """tournamentListMailing""": [], """persomanNumberVisible""": [],  """persomanNumberHidden""": [], """gosbVisible""": [], """gosbHidden""": [], """tbVisible""": [], """tbHidden""": [], """businessBlock""": ["""KMKKSB"""], """typeRewarding""": """one"""};Сумма, тыс. руб.;Гарантии;Гарантии;EMPLOYEE;RATING_MAX;INTEGRAL;FACT0-FACT1;PRESET_VALUE;;0;>;"[{"""period_code""": 0, """criterion_mark_type""": """>""", """criterion_mark_value""": 0 }, {"""period_code""": 1, """criterion_mark_type""": """>""", """criterion_mark_value""": 0 }]";ПРОМ;7;1;["""KMKKSB"""]
01_2025-1_14-1_1;Активы. Максимизируй прирост остатка;2025-01-01;2025-06-30;АКТИВНЫЙ;ТУРНИРНЫЙ;Чтобы стать участником, покажи в текущем месяце положительный прирост остатка активов по своим клиентам. \\nПо итогам месяца выберем лучшие результаты в каждом подразделении. 10% участников с наибольшими результатами в своем ГОСБ (Аппарате ТБ) получат бронзовый бейдж. ТОП-3 участников с лучшими приростами в своих тербанках получат серебряный бейдж. Наконец, золотой бейдж и публикацию про себя в ленте Сообщества получат ТОП-5 участников с лучшими результатами по всей стране. Удачи!;{"""feature""": ["""Победители получают один максимальный по достоинству бейдж""", """Данные основаны на оперативных кубах MIS""", """Обновление информации просходит 1 раз в неделю""", """Награда по ГОСБ вручается, если число участников не менее 2х"""], """vid""": """ПРОМ""", """momentRewarding""": """AFTER""", """minNumber""": 2, """capacity""": """MILLIONS""", """accuracy""": 2, """masking""": """N""", """tournamentStartMailing""": """Y""", """tournamentEndMailing""": """Y""", """tournamentLikeMailing""": """Y""", """tournamentRewardingMailing""": """Y""", """tournamentListMailing""": [], """persomanNumberVisible""": [],  """persomanNumberHidden""": [], """gosbVisible""": [], """gosbHidden""": [], """tbVisible""": [], """tbHidden""": [], """businessBlock""": ["""KMKKSB"""], """typeRewarding""": """one"""};Прирост ОСЗ, млн руб.;Кредиты;Кредиты все;EMPLOYEE;RATING_MAX;INTEGRAL;FACT0-FACT1;PRESET_VALUE;;0;>;"[{"""period_code""": 0, """criterion_mark_type""": """>""", """criterion_mark_value""": 0 }, {"""period_code""": 1, """criterion_mark_type""": """>""", """criterion_mark_value""": 0 }]";ПРОМ;7;1;["""KMKKSB"""]
01_2025-1_15-1_2;Факторинг. Лучший по продажам;2025-01-01;4000-01-01;АКТИВНЫЙ;ТУРНИРНЫЙ;Турнир проводится среди клиентских менеджеров ККСБ. Чтобы стать участником, необходимо заключить минимум одну сделку по факторингу в текущем квартале. ТОП-3 участника с наибольшими числом сделок по всей стране станут победителями турнира!;{"""feature""": ["""Победители получают один максимальный по достоинству бейдж"""], """vid""": """ПРОМ""", """momentRewarding""": """AFTER""", """minNumber""": 1, """capacity""": """""", """accuracy""": 0, """masking""": """N""", """tournamentStartMailing""": """Y""", """tournamentEndMailing""": """Y""", """tournamentLikeMailing""": """Y""", """tournamentRewardingMailing""": """Y""", """tournamentListMailing""": [], """persomanNumberVisible""": [],  """persomanNumberHidden""": [], """gosbVisible""": [], """gosbHidden""": [], """tbVisible""": [], """tbHidden""": [], """businessBlock""": ["""KMKKSB"""], """typeRewarding""": """one"""};шт.;Факторинг;Факторинг;EMPLOYEE;RATING_MAX;INTEGRAL;FACT;PRESET_VALUE;;0;>;[];ПРОМ;10;1;["""KMKKSB"""]
01_2025-1_16-1_1;Лизинг. Максимизируй сумму договоров;2025-01-01;4000-01-01;АКТИВНЫЙ;ТУРНИРНЫЙ;Участвуют все, у кого в текущем квартале заключена лизинговая сделка. ТОП-15 участников с наибольшим объемом лизиновых сделок по сумме нового бизнеса по договорам купли-продажи станут победителями турнира.;{"""feature""": ["""Обновление информации просходит 1 раз в неделю"""], """vid""": """ПРОМ""", """momentRewarding""": """AFTER""", """minNumber""": 0, """capacity""": """MILLIONS""", """accuracy""": 3, """masking""": """N""", """tournamentStartMailing""": """Y""", """tournamentEndMailing""": """Y""", """tournamentLikeMailing""": """Y""", """tournamentRewardingMailing""": """Y""", """tournamentListMailing""": [], """persomanNumberVisible""": [],  """persomanNumberHidden""": [], """gosbVisible""": [], """gosbHidden""": [], """tbVisible""": [], """tbHidden""": [], """businessBlock""": ["""KMKKSB"""], """typeRewarding""": """one"""};Сумма, млн руб.;Лизинг;Лизинг;EMPLOYEE;RATING_MAX;INTEGRAL;FACT;PRESET_VALUE;;0;>;[];ПРОМ;7;1;["""KMKKSB"""]
01_2025-1_17-2_1;СВЕРХБОНУС 1 место;2024-07-01;4000-01-01;АРХИВНЫЙ;ИНДИВИДУАЛЬНЫЙ;описание;{"""feature""": [], """vid""": """ПРОМ""", """momentRewarding""": """AFTER""", """minNumber""": 1, """capacity""": """""", """accuracy""": 0, """masking""": """N""", """tournamentStartMailing""": """N""", """tournamentEndMailing""": """N""", """tournamentLikeMailing""": """N""", """tournamentRewardingMailing""": """N""", """tournamentListMailing""": [], """persomanNumberVisible""": [],  """persomanNumberHidden""": [], """gosbVisible""": [], """gosbHidden""": [], """tbVisible""": [], """tbHidden""": [], """businessBlock""": ["""KMKKSB"""], """typeRewarding""": """all"""};Факт;Команда;Сверхбонус;EMPLOYEE;CRITERION;INTEGRAL;FACT;PRESET_VALUE;;1;=;[];ПРОМ;1;1;["""KMKKSB"""]
01_2025-1_17-2_2;СВЕРХБОНУС ТОП - 10%;2024-07-01;4000-01-01;АРХИВНЫЙ;ИНДИВИДУАЛЬНЫЙ;описание;{"""feature""": [], """vid""": """ПРОМ""", """momentRewarding""": """AFTER""", """minNumber""": 1, """capacity""": """""", """accuracy""": 0, """masking""": """N""", """tournamentStartMailing""": """N""", """tournamentEndMailing""": """N""", """tournamentLikeMailing""": """N""", """tournamentRewardingMailing""": """N""", """tournamentListMailing""": [], """persomanNumberVisible""": [],  """persomanNumberHidden""": [], """gosbVisible""": [], """gosbHidden""": [], """tbVisible""": [], """tbHidden""": [], """businessBlock""": ["""KMKKSB"""], """typeRewarding""": """all"""};Факт;Команда;Сверхбонус;EMPLOYEE;CRITERION;INTEGRAL;FACT;PRESET_VALUE;;1;=;[];ПРОМ;1;1;["""KMKKSB"""]
01_2025-1_17-2_3;СВЕРХБОНУС ТОП - 20%;2024-07-01;4000-01-01;АРХИВНЫЙ;ИНДИВИДУАЛЬНЫЙ;описание;{"""feature""": [], """vid""": """ПРОМ""", """momentRewarding""": """AFTER""", """minNumber""": 1, """capacity""": """""", """accuracy""": 0, """masking""": """N""", """tournamentStartMailing""": """N""", """tournamentEndMailing""": """N""", """tournamentLikeMailing""": """N""", """tournamentRewardingMailing""": """N""", """tournamentListMailing""": [], """persomanNumberVisible""": [],  """persomanNumberHidden""": [], """gosbVisible""": [], """gosbHidden""": [], """tbVisible""": [], """tbHidden""": [], """businessBlock""": ["""KMKKSB"""], """typeRewarding""": """all"""};Факт;Команда;Сверхбонус;EMPLOYEE;CRITERION;INTEGRAL;FACT;PRESET_VALUE;;1;=;[];ПРОМ;1;1;["""KMKKSB"""]
01_2025-1_17-2_4;СВЕРХБОНУС ТОП - 20+%;2024-07-01;4000-01-01;АРХИВНЫЙ;ИНДИВИДУАЛЬНЫЙ;описание;{"""feature""": [], """vid""": """ПРОМ""", """momentRewarding""": """AFTER""", """minNumber""": 1, """capacity""": """""", """accuracy""": 0, """masking""": """N""", """tournamentStartMailing""": """N""", """tournamentEndMailing""": """N""", """tournamentLikeMailing""": """N""", """tournamentRewardingMailing""": """N""", """tournamentListMailing""": [], """persomanNumberVisible""": [],  """persomanNumberHidden""": [], """gosbVisible""": [], """gosbHidden""": [], """tbVisible""": [], """tbHidden""": [], """businessBlock""": ["""KMKKSB"""], """typeRewarding""": """all"""};Факт;Команда;Сверхбонус;EMPLOYEE;CRITERION;INTEGRAL;FACT;PRESET_VALUE;;1;=;[];ПРОМ;1;1;["""KMKKSB"""]
01_2025-2_00-1;2 полугодие 2025 КМ ККСБ;2025-07-01;4000-01-01;АКТИВНЫЙ;ТУРНИРНЫЙ;Сезон 2 полугодние 2025 год. Турниры;{"""feature""": ["""Победители получают один максимальный по достоинству бейдж"""], """vid""": """ПРОМ""", """momentRewarding""": """AFTER""", """minNumber""": 1, """capacity""": """""", """accuracy""": 0, """masking""": """N""", """tournamentStartMailing""": """Y""", """tournamentEndMailing""": """Y""", """tournamentLikeMailing""": """Y""", """tournamentRewardingMailing""": """N""", """tournamentListMailing""": [], """persomanNumberVisible""": [],  """persomanNumberHidden""": [], """gosbVisible""": [], """gosbHidden""": [], """tbVisible""": [], """tbHidden""": [], """businessBlock""": ["""KMKKSB"""], """typeRewarding""": """one"""};Факт;Системные;Сезоны;EMPLOYEE;RATING_MAX;INTEGRAL;FACT;PRESET_VALUE;;0;>;[];ПРОМ;7;1;["""KMKKSB"""]
01_2025-2_00-1_2;2 полугодие 2025 КМ ККСБ (команда);2025-07-01;4000-01-01;АКТИВНЫЙ;ТУРНИРНЫЙ;Сезон 2 полугодние 2025 год. Турниры;{"""feature""": ["""Победители получают один максимальный по достоинству бейдж"""], """vid""": """ПРОМ""", """momentRewarding""": """AFTER""", """minNumber""": 1, """capacity""": """""", """accuracy""": 0, """masking""": """N""", """tournamentStartMailing""": """Y""", """tournamentEndMailing""": """Y""", """tournamentLikeMailing""": """Y""", """tournamentRewardingMailing""": """N""", """tournamentListMailing""": [], """persomanNumberVisible""": [],  """persomanNumberHidden""": [], """gosbVisible""": [], """gosbHidden""": [], """tbVisible""": [], """tbHidden""": [], """businessBlock""": ["""KMKKSB"""], """typeRewarding""": """one""", """tournamentTeam""":"""Y"""};Факт;Системные;Сезоны;EMPLOYEE;RATING_MAX;INTEGRAL;FACT;PRESET_VALUE;;0;>;[];ПРОМ;7;1;["""AKM_KMKKSB"""]
01_2025-2_01-7_1;Марафон исследований;2025-07-01;4000-01-01;АКТИВНЫЙ;ТУРНИРНЫЙ;Станьте частью увлекательного турнира для клиентских менеджеров ККСБ! Участвуйте в опросах, интервью и фокус-группах, чтобы поделиться своим мнением и опытом. \\nКаждая активность приносит баллы, которые открывают путь к победе и ценным призам! \\nЧтобы принять участие, следите за приглашениями от research_efs_kksb@sberbank.ru;{"""feature""": ["""Победители получают один максимальный по достоинству бейдж""", """В текущем турнире могут принять участие менеджеры, кто не занимал призовые места в прошлых периодах""", """При равном количестве баллов побеждает участник, который участвовал в более «весомых» активностях (например, интервью или фокус-группы)"""], """preferences""": ["""Итоги второго полугодия будут подведены в конце года. Победители получат всю информацию о призах и дальнейших действиях с адреса Research_EFS_KKSB@sberbank.ru""", """Участник, занявший 1 место получит Сертификат в СберМаркет на сумму 23 000 рублей""", """Участник, занявший 2 место получит Сертификат в СберМаркет на сумму 17 000 рублей""", """Участник, занявший 3 место получит Сертификат в СберМаркет на сумму 11 000 рублей"""], """vid""": """ПРОМ""", """momentRewarding""": """AFTER""", """minNumber""": 1, """capacity""": """""", """accuracy""": 0, """masking""": """N""", """tournamentStartMailing""": """Y""", """tournamentEndMailing""": """Y""", """tournamentLikeMailing""": """Y""", """tournamentRewardingMailing""": """Y""", """tournamentListMailing""": [], """persomanNumberVisible""": [], """persomanNumberHidden""": [], """gosbVisible""": [], """gosbHidden""": [], """tbVisible""": [], """tbHidden""": [], """businessBlock""": ["""KMKKSB"""], """typeRewarding""": """one"""};Факт;Статусные;Исследование;EMPLOYEE;RATING_MAX;INTEGRAL;FACT;PRESET_VALUE;;0;>;[];ПРОМ;7;1;["""KMKKSB"""]
01_2025-2_05-1_1;ФОТ. Прирост объема перечислений;2025-07-01;4000-01-01;АКТИВНЫЙ;ТУРНИРНЫЙ;Чтобы стать участником, покажи в текущем месяце положительный прирост объема ФОТ по своей клиентской базе. Учитываются новые договоры и расширения по текущим. \\n10% участников с наибольшими результатами в своем ГОСБ (Аппарате ТБ) получат бронзовый бейдж. ТОП-3 участников с лучшими приростами в своих тербанках получат серебряный бейдж. Наконец, золотой бейдж и публикацию про себя в ленте Сообщества получат ТОП-5 участников с лучшими результатами по всей стране. Удачи!;{"""feature""": ["""Победители получают один максимальный по достоинству бейдж""", """Данные основаны на оперативных кубах MIS""", """Награда по ГОСБ вручается, если число участников не менее 2х"""], """vid""": """ПРОМ""", """momentRewarding""": """AFTER""", """minNumber""": 2, """capacity""": """MILLIONS""", """accuracy""": 2, """masking""": """N""", """tournamentStartMailing""": """Y""", """tournamentEndMailing""": """Y""", """tournamentLikeMailing""": """Y""", """tournamentRewardingMailing""": """Y""", """tournamentListMailing""": [], """persomanNumberVisible""": [],  """persomanNumberHidden""": [], """gosbVisible""": [], """gosbHidden""": [], """tbVisible""": [], """tbHidden""": [], """businessBlock""": ["""KMKKSB"""], """typeRewarding""": """one"""};Прирост, млн руб.;ФОТ;ФОТ;EMPLOYEE;RATING_MAX;INTEGRAL;FACT0-RUN_RATE1_DOWN;PRESET_VALUE;;0;>;"[{"""period_code""": 0, """criterion_mark_type""": """>""", """criterion_mark_value""": 0 }, {"""period_code""": 1, """criterion_mark_type""": """>""", """criterion_mark_value""": 0 }]";ПРОМ;7;0;["""KMKKSB"""]
01_2025-2_07-2_1;Максимальный полученный доход от продажи продуктов СберЗдоровье;2025-07-01;4000-01-01;АКТИВНЫЙ;ТУРНИРНЫЙ;Чтобы стать участником турнира, необходимо закрыть, как минимум одну сделку в период с 01.07.2025 - 31.12.2025г. \\nПобедители будут выбраны среди участников, у которых совокупная сумма сделок будет более 15 млн рублей.  ТОП-1 по результатам в каждом ТБ получат бронзовый бейдж. Первая тройка лучших участников во всей стране станет обладателями золотой награды, а участники с 4 по 6 места - серебряной.;{"""feature""": ["""Победители получают один максимальный по достоинству бейдж"""], """preferences""": ["""Компания СберЗдоровье является спонсором 3х преференций «Обучение в СберУниверситете»""", """Выбрать преференцию смогут лучшие участники в рейтинге по кристаллам по итогам всего сезона 2го полугодия 2025года"""], """vid""": """ПРОМ""", """momentRewarding""": """AFTER""", """minNumber""": 1, """capacity""": """MILLIONS""", """accuracy""": 2, """masking""": """N""", """tournamentStartMailing""": """Y""", """tournamentEndMailing""": """Y""", """tournamentLikeMailing""": """Y""", """tournamentRewardingMailing""": """Y""", """tournamentListMailing""": [], """persomanNumberVisible""": [],  """persomanNumberHidden""": [], """gosbVisible""": [], """gosbHidden""": [], """tbVisible""": [], """tbHidden""": [], """businessBlock""": ["""KMKKSB"""], """typeRewarding""": """one"""};Сумма, млн руб.;Экосистема;СберЗдоровье;EMPLOYEE;RATING_MAX;INTEGRAL;FACT;PRESET_VALUE;;15000000;>=;[];ПРОМ;10;1;["""KMKKSB"""]
01_2025-2_08-1_1;Страхование. Рыночные продажи;2025-07-01;4000-01-01;АКТИВНЫЙ;ТУРНИРНЫЙ;Чтобы стать участником, заключи в текущем месяце договор и успей получить комиссию до конца турнира по рыночным продажам продуктов страхового брокера. В турнирную таблицу попадут менеджеры, собравшие 50 тыс. руб. и более. \\nПо итогам месяца 10% участников с лучшими результатами в каждом тербанке получат бронзовый бейдж, а ТОП-10 по сумме комиссии клиентских менеджеров станут обладателями серебряных и золотых наград!;{"""feature""": ["""Победители получают один максимальный по достоинству бейдж""", """Информация обновляется еженедельно на основе отчета страхового брокера""", """Награда по ГОСБ вручается, если число участников не менее 2х"""], """vid""": """ПРОМ""", """momentRewarding""": """AFTER""", """minNumber""": 2, """capacity""": """THOUSANDS""", """accuracy""": 2, """masking""": """N""", """tournamentStartMailing""": """Y""", """tournamentEndMailing""": """Y""", """tournamentLikeMailing""": """Y""", """tournamentRewardingMailing""": """Y""", """tournamentListMailing""": [], """persomanNumberVisible""": [],  """persomanNumberHidden""": [], """gosbVisible""": [], """gosbHidden""": [], """tbVisible""": [], """tbHidden""": [], """businessBlock""": ["""KMKKSB"""], """typeRewarding""": """one"""};Сумма, тыс. руб.;Страхование;Рыночные Продажи;EMPLOYEE;RATING_MAX;INTEGRAL;FACT;PRESET_VALUE;;0;>;[];ПРОМ;7;1;["""KMKKSB"""]
01_2025-2_08-2_6;Защита бизнеса 360. Максимизируй комиссию;2025-01-01;4000-01-01;АКТИВНЫЙ;ТУРНИРНЫЙ;Чтобы стать участником турнира необходимо в 3 квартале получить комиссионное вознаграждение не менее чем от двух сделок по страховому продукту «Защита Бизнеса 360». Общая сумма КВ от сделок должна превышать 3 млн рублей. ТОП-3 участника в каждом тербанке станут победителями турнира!;{"""feature""": ["""Победители получают один максимальный по достоинству бейдж""", """Победители получат возможность принять участие в бизнес-сессии управления благосостояния""", """Информация обновляется еженедельно на основе отчета по продажам продуктов управления благосостояния"""], """vid""": """ПРОМ""", """momentRewarding""": """AFTER""", """minNumber""": 1, """capacity""": """THOUSANDS""", """accuracy""": 2, """masking""": """N""", """tournamentStartMailing""": """Y""", """tournamentEndMailing""": """Y""", """tournamentLikeMailing""": """Y""", """tournamentRewardingMailing""": """Y""", """tournamentListMailing""": [], """persomanNumberVisible""": [],  """persomanNumberHidden""": [], """gosbVisible""": [], """gosbHidden""": [], """tbVisible""": [], """tbHidden""": [], """businessBlock""": ["""KMKKSB"""], """typeRewarding""": """one"""};Комиссия, тыс. руб.;Страхование;Защита 360;EMPLOYEE;RATING_MAX;INTEGRAL;FACT;PRESET_VALUE;;3000000;>=;[];ПРОМ;7;1;["""KMKKSB"""]
01_2025-2_09-1_1;Гарантии. Прирост комиссии;2025-07-01;4000-01-01;АКТИВНЫЙ;ТУРНИРНЫЙ;Чтобы стать участником, получи в текущем месяце комиссию по банковским гарантиям больше, чем в предыдущем. \\nПо итогам месяца в каждом ГОСБ менеджеры с ТОП-1 приростом получат бронзовый бейдж. А вошедние в ТОП-15 по приросту во всей стрнане смогут претендовать на золотые и серебряные награды!;{"""feature""": ["""Победители получают один максимальный по достоинству бейдж""", """Данные основаны на оперативных кубах MIS""", """Награда по ГОСБ вручается, если число участников не менее 2х"""], """vid""": """ПРОМ""", """momentRewarding""": """AFTER""", """minNumber""": 2, """capacity""": """THOUSANDS""", """accuracy""": 2, """masking""": """N""", """tournamentStartMailing""": """Y""", """tournamentEndMailing""": """Y""", """tournamentLikeMailing""": """Y""", """tournamentRewardingMailing""": """Y""", """tournamentListMailing""": [], """persomanNumberVisible""": [],  """persomanNumberHidden""": [], """gosbVisible""": [], """gosbHidden""": [], """tbVisible""": [], """tbHidden""": [], """businessBlock""": ["""KMKKSB"""], """typeRewarding""": """one"""};Сумма, тыс. руб.;Гарантии;Гарантии;EMPLOYEE;RATING_MAX;INTEGRAL;FACT0-FACT1;PRESET_VALUE;;0;>;"[{"""period_code""": 0, """criterion_mark_type""": """>""", """criterion_mark_value""": 0 }, {"""period_code""": 1, """criterion_mark_type""": """>""", """criterion_mark_value""": 0 }]";ПРОМ;7;1;["""KMKKSB"""]
01_2025-2_14-1_1;Активы. Максимизируй прирост остатка;2025-07-01;4000-01-01;АКТИВНЫЙ;ТУРНИРНЫЙ;Чтобы стать участником, покажи в текущем месяце положительный прирост остатка активов по своим клиентам. \\nПо итогам месяца выберем лучшие результаты в каждом подразделении. 10% участников с наибольшими результатами в своем ГОСБ (Аппарате ТБ) получат бронзовый бейдж. ТОП-3 участников с лучшими приростами в своих тербанках получат серебряный бейдж. Наконец, золотой бейдж и публикацию про себя в ленте Сообщества получат ТОП-5 участников с лучшими результатами по всей стране. Удачи!;{"""feature""": ["""Победители получают один максимальный по достоинству бейдж""", """Данные основаны на оперативных кубах MIS""", """Обновление информации просходит 1 раз в неделю""", """Награда по ГОСБ вручается, если число участников не менее 2х"""], """vid""": """ПРОМ""", """momentRewarding""": """AFTER""", """minNumber""": 2, """capacity""": """MILLIONS""", """accuracy""": 2, """masking""": """N""", """tournamentStartMailing""": """Y""", """tournamentEndMailing""": """Y""", """tournamentLikeMailing""": """Y""", """tournamentRewardingMailing""": """Y""", """tournamentListMailing""": [], """persomanNumberVisible""": [],  """persomanNumberHidden""": [], """gosbVisible""": [], """gosbHidden""": [], """tbVisible""": [], """tbHidden""": [], """businessBlock""": ["""KMKKSB"""], """typeRewarding""": """one"""};Прирост ОСЗ, млн руб.;Кредиты;Кредиты все;EMPLOYEE;RATING_MAX;INTEGRAL;FACT0-FACT1;PRESET_VALUE;;0;>;"[{"""period_code""": 0, """criterion_mark_type""": """>""", """criterion_mark_value""": 0 }, {"""period_code""": 1, """criterion_mark_type""": """>""", """criterion_mark_value""": 0 }]";ПРОМ;7;1;["""KMKKSB"""]
01_2025-2_15-1_2;Факторинг. Лучший по продажам;2025-07-01;4000-01-01;АКТИВНЫЙ;ТУРНИРНЫЙ;Турнир проводится среди клиентских менеджеров ККСБ. Чтобы стать участником, необходимо заключить минимум одну сделку по факторингу в текущем квартале. ТОП-3 участника с наибольшими числом сделок по всей стране станут победителями турнира!;{"""feature""": ["""Победители получают один максимальный по достоинству бейдж"""], """vid""": """ПРОМ""", """momentRewarding""": """AFTER""", """minNumber""": 1, """capacity""": """""", """accuracy""": 0, """masking""": """N""", """tournamentStartMailing""": """Y""", """tournamentEndMailing""": """Y""", """tournamentLikeMailing""": """Y""", """tournamentRewardingMailing""": """Y""", """tournamentListMailing""": [], """persomanNumberVisible""": [],  """persomanNumberHidden""": [], """gosbVisible""": [], """gosbHidden""": [], """tbVisible""": [], """tbHidden""": [], """businessBlock""": ["""KMKKSB"""], """typeRewarding""": """one"""};шт.;Факторинг;Факторинг;EMPLOYEE;RATING_MAX;INTEGRAL;FACT;PRESET_VALUE;;0;>;[];ПРОМ;10;1;["""KMKKSB"""]
01_2025-2_16-1_1;Лизинг. Максимизируй сумму договоров;2025-07-01;4000-01-01;АКТИВНЫЙ;ТУРНИРНЫЙ;Участвуют все, у кого в текущем квартале заключена лизинговая сделка. ТОП-15 участников с наибольшим объемом лизиновых сделок по сумме нового бизнеса по договорам купли-продажи станут победителями турнира.;{"""feature""": ["""Обновление информации просходит 1 раз в неделю"""], """vid""": """ПРОМ""", """momentRewarding""": """AFTER""", """minNumber""": 0, """capacity""": """MILLIONS""", """accuracy""": 3, """masking""": """N""", """tournamentStartMailing""": """Y""", """tournamentEndMailing""": """Y""", """tournamentLikeMailing""": """Y""", """tournamentRewardingMailing""": """Y""", """tournamentListMailing""": [], """persomanNumberVisible""": [],  """persomanNumberHidden""": [], """gosbVisible""": [], """gosbHidden""": [], """tbVisible""": [], """tbHidden""": [], """businessBlock""": ["""KMKKSB"""], """typeRewarding""": """one"""};Сумма, млн руб.;Лизинг;Лизинг;EMPLOYEE;RATING_MAX;INTEGRAL;FACT;PRESET_VALUE;;0;>;[];ПРОМ;7;1;["""KMKKSB"""]
02_2025-1_00-1;1 полугодие 2025 МНС;2025-01-01;4000-01-01;АКТИВНЫЙ;ТУРНИРНЫЙ;Сезон 1 полугодние 2025 год. Турниры;{"""feature""": [], """vid""": """ПРОМ""", """momentRewarding""": """AFTER""", """minNumber""": 1, """capacity""": """""", """accuracy""": 0, """masking""": """N""", """tournamentStartMailing""": """Y""", """tournamentEndMailing""": """Y""", """tournamentLikeMailing""": """Y""", """tournamentRewardingMailing""": """N""", """tournamentListMailing""": [], """persomanNumberVisible""": [],  """persomanNumberHidden""": [], """gosbVisible""": [], """gosbHidden""": [], """tbVisible""": [], """tbHidden""": [], """businessBlock""": ["""MNS"""], """typeRewarding""": """one"""};Факт;Системные;Сезоны;EMPLOYEE;RATING_MAX;INTEGRAL;FACT;PRESET_VALUE;;0;>;[];ПРОМ;7;1;["""MNS"""]
02_2025-1_07-1_1;Экосистема. Лидер по числу сделок;2025-01-01;4000-01-01;АКТИВНЫЙ;ТУРНИРНЫЙ;Чтобы стать участником, необходимо за время турнира закрыть как минимум одну сделку по продуктам экосистемы суммой от 50 тыс. руб. \\nЛучшие участнии в каждом ТБ станут победителями турнира и получат серебряные и бронзовые бейджи. ТОП-3 участника с лучшим результатом по всей стране станут обладателями золотой награды!;{"""feature""": ["""Победители получают один максимальный по достоинству бейдж""", """Данные обновляются раз в 2 недели"""], """vid""": """ПРОМ""", """momentRewarding""": """AFTER""", """minNumber""": 1, """capacity""": """""", """accuracy""": 0, """masking""": """N""", """tournamentStartMailing""": """Y""", """tournamentEndMailing""": """Y""", """tournamentLikeMailing""": """Y""", """tournamentRewardingMailing""": """Y""", """tournamentListMailing""": [], """persomanNumberVisible""":  [],  """persomanNumberHidden""": [], """gosbVisible""": [], """gosbHidden""": [], """tbVisible""": [], """tbHidden""": [], """businessBlock""": ["""MNS"""], """typeRewarding""": """one"""};шт.;Экосистема;Все продукты;EMPLOYEE;RATING_MAX;INTEGRAL;FACT;PRESET_VALUE;;0;>;[];ПРОМ;7;1;["""MNS"""]
02_2025-1_07-2_1;Максимальный полученный доход от продажи продуктов СберЗдоровье;2025-01-01;4000-01-01;АКТИВНЫЙ;ТУРНИРНЫЙ;Турнир проводится среди Старших менеджеров по нефинансовым сервисам и менеджеров по нефинансовым сервисам по продуктам СберЗдоровья. \\nЧтобы стать участником турнира, необходимо закрыть, как минимум одну сделку в срок до 30.06.2025 г. \\n - ТОП-3 менеджера с лучшим результатом по всей стране станут обладателями золотого бейджа. \\n - ТОП-1 из участников с наибольшими результатами в каждом ТБ станут победителями турнира и получат серебряный бейдж. \\n - ТОП-2 из участников с наибольшими результатами в каждом ТБ станут победителями турнира и получат бронзовый бейдж.;{"""feature""": ["""Победители получают один максимальный по достоинству бейдж"""], """vid""": """ПРОМ""", """momentRewarding""": """AFTER""", """minNumber""": 1, """capacity""": """MILLIONS""", """accuracy""": 2, """masking""": """N""", """tournamentStartMailing""": """Y""", """tournamentEndMailing""": """Y""", """tournamentLikeMailing""": """Y""", """tournamentRewardingMailing""": """Y""", """tournamentListMailing""": [], """persomanNumberVisible""": [],  """persomanNumberHidden""": [], """gosbVisible""": [], """gosbHidden""": [], """tbVisible""": [], """tbHidden""": [], """businessBlock""": ["""MNS"""], """typeRewarding""": """one"""};Сумма, млн руб.;Экосистема;СберЗдоровье;EMPLOYEE;RATING_MAX;INTEGRAL;FACT;PRESET_VALUE;;0;>;[];ПРОМ;10;1;["""MNS"""]
02_2025-1_07-5_1;5 млн руб. по Process Mining;2025-01-01;4000-01-01;АКТИВНЫЙ;ИНДИВИДУАЛЬНЫЙ НАКОПИТЕЛЬНЫЙ;Описание турнира;{"""feature""": [], """vid""": """ПРОМ""", """momentRewarding""": """DURIN""", """minNumber""": 1, """capacity""": """""", """accuracy""": 0, """masking""": """N""", """tournamentStartMailing""": """N""", """tournamentEndMailing""": """N""", """tournamentLikeMailing""": """Y""", """tournamentRewardingMailing""": """Y""", """tournamentListMailing""": [], """persomanNumberVisible""": [],  """persomanNumberHidden""": [], """gosbVisible""": [], """gosbHidden""": [], """tbVisible""": [], """tbHidden""": [], """businessBlock""": ["""MNS"""], """typeRewarding""": """one"""};Сумма, руб.;Экосистема;AI-native;EMPLOYEE;CRITERION;INTEGRAL;FACT;PRESET_VALUE;;5000000;>=;[];ПРОМ;7;1;["""MNS"""]
02_2025-1_07-5_10;2 клиента по СберИндексПро;2025-01-01;4000-01-01;АКТИВНЫЙ;ИНДИВИДУАЛЬНЫЙ НАКОПИТЕЛЬНЫЙ;Описание турнира;{"""feature""": [], """vid""": """ПРОМ""", """momentRewarding""": """DURIN""", """minNumber""": 1, """capacity""": """""", """accuracy""": 0, """masking""": """N""", """tournamentStartMailing""": """N""", """tournamentEndMailing""": """N""", """tournamentLikeMailing""": """Y""", """tournamentRewardingMailing""": """Y""", """tournamentListMailing""": [], """persomanNumberVisible""": [],  """persomanNumberHidden""": [], """gosbVisible""": [], """gosbHidden""": [], """tbVisible""": [], """tbHidden""": [], """businessBlock""": ["""MNS"""], """typeRewarding""": """one"""};шт.;Экосистема;AI-native;EMPLOYEE;CRITERION;INTEGRAL;FACT;PRESET_VALUE;;2;>=;[];ПРОМ;7;1;["""MNS"""]
02_2025-1_07-5_2;5 млн руб. по Навигатор BI;2025-01-01;4000-01-01;АКТИВНЫЙ;ИНДИВИДУАЛЬНЫЙ НАКОПИТЕЛЬНЫЙ;Описание турнира;{"""feature""": [], """vid""": """ПРОМ""", """momentRewarding""": """DURIN""", """minNumber""": 1, """capacity""": """""", """accuracy""": 0, """masking""": """N""", """tournamentStartMailing""": """N""", """tournamentEndMailing""": """N""", """tournamentLikeMailing""": """Y""", """tournamentRewardingMailing""": """Y""", """tournamentListMailing""": [], """persomanNumberVisible""": [],  """persomanNumberHidden""": [], """gosbVisible""": [], """gosbHidden""": [], """tbVisible""": [], """tbHidden""": [], """businessBlock""": ["""MNS"""], """typeRewarding""": """one"""};Сумма, руб.;Экосистема;AI-native;EMPLOYEE;CRITERION;INTEGRAL;FACT;PRESET_VALUE;;5000000;>=;[];ПРОМ;7;1;["""MNS"""]
02_2025-1_07-5_3;500 тыс. руб. по СберИндексПро;2025-01-01;4000-01-01;АКТИВНЫЙ;ИНДИВИДУАЛЬНЫЙ НАКОПИТЕЛЬНЫЙ;Описание турнира;{"""feature""": [], """vid""": """ПРОМ""", """momentRewarding""": """DURIN""", """minNumber""": 1, """capacity""": """""", """accuracy""": 0, """masking""": """N""", """tournamentStartMailing""": """N""", """tournamentEndMailing""": """N""", """tournamentLikeMailing""": """Y""", """tournamentRewardingMailing""": """Y""", """tournamentListMailing""": [], """persomanNumberVisible""": [],  """persomanNumberHidden""": [], """gosbVisible""": [], """gosbHidden""": [], """tbVisible""": [], """tbHidden""": [], """businessBlock""": ["""MNS"""], """typeRewarding""": """one"""};Сумма, руб.;Экосистема;AI-native;EMPLOYEE;CRITERION;INTEGRAL;FACT;PRESET_VALUE;;500000;>=;[];ПРОМ;7;1;["""MNS"""]
02_2025-1_07-5_4;Лидер по продажам продуктов AI-native;2025-01-01;4000-01-01;АКТИВНЫЙ;ТУРНИРНЫЙ;Турнир проводится среди Старших менеджеров и Менеджеров по нефинансовым сервисам. Чтобы стать участником турнира, необходимо закрыть, как минимум одну сделку по продуктам категории AI-Native. Лучшие участники с наибольшим результатами в каждом ТБ станут победителями турнира и получат серебряный или бронзовый бейджи. ТОП-3 менеджера с лучшим результатом по всей стране станут обладателями золотой награды! \\n\\nПродукты категории AI-Native: SberDevices - Умные устройства, АБК - Робот-оператор, Работа.ру - HR-сервисы (ex. Платформа), СберБизнесСофт - СБЕРБизнесБот, СберБизнесСофт - AI сервисы мониторинга и прогнозирования, СберБизнесСофт - СберЛид, ТОТ - Аналитика бизнеса, ТОТ - Аналитика жилой и коммерческой недвижимости, ТОТ - Аналитика потребителя, ЦРТ - Нестор.БРИФ, ЦРТ - Визирь, ЦРР - Платформа СберИнтегро, Эвотор - ИИ-решения  для бизнеса.;{"""feature""": ["""Победители получают один максимальный по достоинству бейдж""", """Данные обновляются раз в 2 недели"""], """vid""": """ПРОМ""", """momentRewarding""": """AFTER""", """minNumber""": 1, """capacity""": """MILLIONS""", """accuracy""": 2, """masking""": """N""", """tournamentStartMailing""": """Y""", """tournamentEndMailing""": """Y""", """tournamentLikeMailing""": """Y""", """tournamentRewardingMailing""": """Y""", """tournamentListMailing""": [], """persomanNumberVisible""":  [],  """persomanNumberHidden""": [], """gosbVisible""": [], """gosbHidden""": [], """tbVisible""": [], """tbHidden""": [], """businessBlock""": ["""MNS"""], """typeRewarding""": """one"""};Сумма, млн руб.;Экосистема;AI-native;EMPLOYEE;RATING_MAX;INTEGRAL;FACT;PRESET_VALUE;;0;>;[];ПРОМ;7;1;["""MNS"""]
02_2025-1_07-5_5;Process Mining. Максимизируй комиссию;2025-01-01;4000-01-01;АКТИВНЫЙ;ТУРНИРНЫЙ;Чтобы стать участником, необходимо за время турнира закрыть как минимум одну сделку по продукту Process Mining. Лучшие ТОП-5 участников по сумме сделок станут победителями турнира и получат свои награды!;{"""feature""": ["""В сделку обязательно включена лицензия SPM""", """Договор подписан, оплачен и заактирован клиентом в период проведения турнира""",  """Период учета сделок: с 1 марта 2025 года по 31 июля 2025 года"""], """vid""": """ПРОМ""", """momentRewarding""": """AFTER""", """minNumber""": 1, """capacity""": """THOUSANDS""", """accuracy""": 2, """masking""": """N""", """tournamentStartMailing""": """Y""", """tournamentEndMailing""": """Y""", """tournamentLikeMailing""": """Y""", """tournamentRewardingMailing""": """Y""", """tournamentListMailing""": [], """persomanNumberVisible""":  [],  """persomanNumberHidden""": [], """gosbVisible""": [], """gosbHidden""": [], """tbVisible""": [], """tbHidden""": [], """businessBlock""": ["""MNS"""], """typeRewarding""": """one"""};Сумма, тыс. руб.;Экосистема;AI-native;EMPLOYEE;RATING_MAX;INTEGRAL;FACT;PRESET_VALUE;;0;>;[];ПРОМ;7;1;["""MNS"""]
02_2025-1_07-5_6;Навигатор BI. Максимизируй комиссию;2025-01-01;4000-01-01;АКТИВНЫЙ;ТУРНИРНЫЙ;Чтобы стать участником, необходимо за время турнира закрыть как минимум одну сделку по продукту Навигатор BI. 5 лучших участников по объему сделок станут победителями турнира и получат свои награды!;{"""feature""": ["""Сделка принимается к учету после оплаты клиентов по счету""",  """Период учета сделок: с 1 марта 2025 года по 31 июля 2025 года"""], """vid""": """ПРОМ""", """momentRewarding""": """AFTER""", """minNumber""": 1, """capacity""": """THOUSANDS""", """accuracy""": 2, """masking""": """N""", """tournamentStartMailing""": """Y""", """tournamentEndMailing""": """Y""", """tournamentLikeMailing""": """Y""", """tournamentRewardingMailing""": """Y""", """tournamentListMailing""": [], """persomanNumberVisible""":  [],  """persomanNumberHidden""": [], """gosbVisible""": [], """gosbHidden""": [], """tbVisible""": [], """tbHidden""": [], """businessBlock""": ["""MNS"""], """typeRewarding""": """one"""};Сумма, тыс. руб.;Экосистема;AI-native;EMPLOYEE;RATING_MAX;INTEGRAL;FACT;PRESET_VALUE;;0;>;[];ПРОМ;7;1;["""MNS"""]
02_2025-1_07-5_7;СберИндексПро. Максимизируй комиссию;2025-01-01;4000-01-01;АКТИВНЫЙ;ТУРНИРНЫЙ;Чтобы стать участником, необходимо за время турнира закрыть как минимум одну сделку по продукту СберИндекПро. Лучшие ТОП-5 участников по объему сделок станут победителями турнира и получат свои награды!;{"""feature""": ["""Сделка принимается к учету после оплаты клиентов по счету""",  """Период учета сделок: с 1 марта 2025 года по 31 июля 2025 года"""], """vid""": """ПРОМ""", """momentRewarding""": """AFTER""", """minNumber""": 1, """capacity""": """THOUSANDS""", """accuracy""": 2, """masking""": """N""", """tournamentStartMailing""": """Y""", """tournamentEndMailing""": """Y""", """tournamentLikeMailing""": """Y""", """tournamentRewardingMailing""": """Y""", """tournamentListMailing""": [], """persomanNumberVisible""":  [],  """persomanNumberHidden""": [], """gosbVisible""": [], """gosbHidden""": [], """tbVisible""": [], """tbHidden""": [], """businessBlock""": ["""MNS"""], """typeRewarding""": """one"""};Сумма, тыс. руб.;Экосистема;AI-native;EMPLOYEE;RATING_MAX;INTEGRAL;FACT;PRESET_VALUE;;0;>;[];ПРОМ;7;1;["""MNS"""]
02_2025-1_07-5_8;3 клиента по Process Mining;2025-01-01;4000-01-01;АКТИВНЫЙ;ИНДИВИДУАЛЬНЫЙ НАКОПИТЕЛЬНЫЙ;Описание турнира;{"""feature""": [], """vid""": """ПРОМ""", """momentRewarding""": """DURIN""", """minNumber""": 1, """capacity""": """""", """accuracy""": 0, """masking""": """N""", """tournamentStartMailing""": """N""", """tournamentEndMailing""": """N""", """tournamentLikeMailing""": """Y""", """tournamentRewardingMailing""": """Y""", """tournamentListMailing""": [], """persomanNumberVisible""": [],  """persomanNumberHidden""": [], """gosbVisible""": [], """gosbHidden""": [], """tbVisible""": [], """tbHidden""": [], """businessBlock""": ["""MNS"""], """typeRewarding""": """one"""};шт.;Экосистема;AI-native;EMPLOYEE;CRITERION;INTEGRAL;FACT;PRESET_VALUE;;3;>=;[];ПРОМ;7;1;["""MNS"""]
02_2025-1_07-5_9;3 клиента по Навигатор BI;2025-01-01;4000-01-01;АКТИВНЫЙ;ИНДИВИДУАЛЬНЫЙ НАКОПИТЕЛЬНЫЙ;Описание турнира;{"""feature""": [], """vid""": """ПРОМ""", """momentRewarding""": """DURIN""", """minNumber""": 1, """capacity""": """""", """accuracy""": 0, """masking""": """N""", """tournamentStartMailing""": """N""", """tournamentEndMailing""": """N""", """tournamentLikeMailing""": """Y""", """tournamentRewardingMailing""": """Y""", """tournamentListMailing""": [], """persomanNumberVisible""": [],  """persomanNumberHidden""": [], """gosbVisible""": [], """gosbHidden""": [], """tbVisible""": [], """tbHidden""": [], """businessBlock""": ["""MNS"""], """typeRewarding""": """one"""};шт.;Экосистема;AI-native;EMPLOYEE;CRITERION;INTEGRAL;FACT;PRESET_VALUE;;3;>=;[];ПРОМ;7;1;["""MNS"""]
02_2025-1_07-7_1;Лидер по продажам продуктов HR направления;2025-01-01;4000-01-01;АКТИВНЫЙ;ТУРНИРНЫЙ;Турнир проводится среди Старших менеджеров и Менеджеров по нефинансовым сервисам. Чтобы стать участником турнира, необходимо закрыть, как минимум одну сделку по продуктам HR направления. \\nЛучшие участники с наибольшим результатами в каждом ТБ станут победителями турнира и получат серебряный или бронзовый бейджи. ТОП-3 менеджера с лучшим результатом по всей стране станут обладателями золотой награды! \\n\\nПродукты HR-направления: Деловая среда - Деловой туризм, HURMA.ai - Рейтинг талантов, Интеллектум - Корпоративное обучение, СберРешения - Переход на кадровый ЭДО, СберРешения - Бухгалтерия, зарплата и кадры, Купер - Подарочные сертификаты, СберУниверситет - Кастомизированные программы, СберУниверситет - Готовые образовательные решения, СберУниверситет - Кампус СберУниверситета, ЦПЛ - Подписка СберПрайм.;{"""feature""": ["""Продукты СберЗдоровья исключаются из расчета""", """Победители получают один максимальный по достоинству бейдж""", """Данные обновляются раз в 2 недели"""], """vid""": """ПРОМ""", """momentRewarding""": """AFTER""", """minNumber""": 1, """capacity""": """THOUSANDS""", """accuracy""": 2, """masking""": """N""", """tournamentStartMailing""": """Y""", """tournamentEndMailing""": """Y""", """tournamentLikeMailing""": """Y""", """tournamentRewardingMailing""": """Y""", """tournamentListMailing""": [], """persomanNumberVisible""":  [],  """persomanNumberHidden""": [], """gosbVisible""": [], """gosbHidden""": [], """tbVisible""": [], """tbHidden""": [], """businessBlock""": ["""MNS"""], """typeRewarding""": """one"""};Сумма, тыс. руб.;Экосистема;HR;EMPLOYEE;RATING_MAX;INTEGRAL;FACT;PRESET_VALUE;;0;>;[];ПРОМ;7;1;["""MNS"""]
02_2025-1_07-8_1;Лидер по продажам продуктов IT направления;2025-01-01;4000-01-01;АКТИВНЫЙ;ТУРНИРНЫЙ;Турнир проводится среди Старших менеджеров и Менеджеров по нефинансовым сервисам. Чтобы стать участником турнира, необходимо закрыть, как минимум одну сделку по продуктам IT направления. \\nЛучшие участники с наибольшим результатами в каждом ТБ станут победителями турнира и получат серебряный или бронзовый бейджи. ТОП-3 менеджера с лучшим результатом по всей стране станут обладателями золотой награды! \\n\\nПродукты IT-направления: VS Robotics - VS Robotics: голосовой робот и речевая аналитика для бизнеса, BI.ZONE - Кибербезопасность, СберМобайл - Цифровой транспорт, Cloud.ru - Облачные Услуги Cloud, СберКорус - Электронный документооборот (ЭДО), СберБанк - Архитектурный консалтинг в ИТ, СберСервис - Автоматизация и аутсорсинг ИТ-сервисов, СберСервис - ИТуслуга.ру – Цифровая платформа ИТ-продуктов для бизнеса, СберТех - Продукты PlatformV, Doma.AI - Умные дома от Doma.ai, SOFT TECH - Amelia 2.0, Современные Технологии - Комплексная эксплуатация недвижимости, TRUCKER - TRUCKER: IT-решения для транспортной логистики, Цифровые технологии - SBERUNITY.;{"""feature""": ["""Продукты AI-native исключаются из расчета""", """Победители получают один максимальный по достоинству бейдж""", """Данные обновляются раз в 2 недели"""], """vid""": """ПРОМ""", """momentRewarding""": """AFTER""", """minNumber""": 1, """capacity""": """THOUSANDS""", """accuracy""": 2, """masking""": """N""", """tournamentStartMailing""": """Y""", """tournamentEndMailing""": """Y""", """tournamentLikeMailing""": """Y""", """tournamentRewardingMailing""": """Y""", """tournamentListMailing""": [], """persomanNumberVisible""":  [],  """persomanNumberHidden""": [], """gosbVisible""": [], """gosbHidden""": [], """tbVisible""": [], """tbHidden""": [], """businessBlock""": ["""MNS"""], """typeRewarding""": """one"""};Сумма, тыс. руб.;Экосистема;IT;EMPLOYEE;RATING_MAX;INTEGRAL;FACT;PRESET_VALUE;;0;>;[];ПРОМ;7;1;["""MNS"""]
02_2025-1_07-9_1;Лидер по продажам продуктов COM направления;2025-01-01;4000-01-01;АКТИВНЫЙ;ТУРНИРНЫЙ;Турнир проводится среди Старших менеджеров и Менеджеров по нефинансовым сервисам. Чтобы стать участником турнира, необходимо закрыть, как минимум одну сделку по продуктам COM направления. \\nЛучшие участники с наибольшим результатами в каждом ТБ станут победителями турнира и получат серебряный или бронзовый бейджи. ТОП-3 менеджера с лучшим результатом по всей стране станут обладателями золотой награды! \\n\\nПродукты COM-направления: 2ГИС - Геоконтекстная реклама, 2ГИС - Геоинформационные системы, Сбер А - Сбер А: Тендерная платформа для застройщиков, СберРешения - Комплексные консультации по вопросам поддержки бизнеса, СберРешения - Комплексная поддержка по повышению эффективности бизнеса, СБ Девелопмент - Технический сервейинг, СберКорус - Транспортный ЭДО, Купер - Рекламная платформа, Купер - Подключение ретейлеров, СберБанк - Оплата в кредит, Звук Бизнес - Звук Бизнес, СберМаркетинг - Рекламные услуги, Strategy Partners - Инжиниринг и сопровождение строительства, Strategy Partners - Sbergile и практики консалтинга, Strategy Partners - Структурирование проекта для привлечения финансирования, Strategy Partners - Стратегический Консалтинг, Strategy Partners - Диагностика и определение путей развития организации, СберБизнесСофт - SberCRM, СберАналитика - Аналитика ассортимента.;{"""feature""": ["""Продукты AI-native исключаются из расчета""", """Победители получают один максимальный по достоинству бейдж""", """Данные обновляются раз в 2 недели"""], """vid""": """ПРОМ""", """momentRewarding""": """AFTER""", """minNumber""": 1, """capacity""": """THOUSANDS""", """accuracy""": 2, """masking""": """N""", """tournamentStartMailing""": """Y""", """tournamentEndMailing""": """Y""", """tournamentLikeMailing""": """Y""", """tournamentRewardingMailing""": """Y""", """tournamentListMailing""": [], """persomanNumberVisible""":  [],  """persomanNumberHidden""": [], """gosbVisible""": [], """gosbHidden""": [], """tbVisible""": [], """tbHidden""": [], """businessBlock""": ["""MNS"""], """typeRewarding""": """one"""};Сумма, тыс. руб.;Экосистема;COM;EMPLOYEE;RATING_MAX;INTEGRAL;FACT;PRESET_VALUE;;0;>;[];ПРОМ;7;1;["""MNS"""]
02_2025-2_00-1;2 полугодие 2025 МНС;2025-07-01;4000-01-01;АКТИВНЫЙ;ТУРНИРНЫЙ;Сезон 2 полугодние 2025 год. Турниры;{"""feature""": [], """vid""": """ПРОМ""", """momentRewarding""": """AFTER""", """minNumber""": 1, """capacity""": """""", """accuracy""": 0, """masking""": """N""", """tournamentStartMailing""": """Y""", """tournamentEndMailing""": """Y""", """tournamentLikeMailing""": """Y""", """tournamentRewardingMailing""": """N""", """tournamentListMailing""": [], """persomanNumberVisible""": [],  """persomanNumberHidden""": [], """gosbVisible""": [], """gosbHidden""": [], """tbVisible""": [], """tbHidden""": [], """businessBlock""": ["""MNS"""], """typeRewarding""": """one"""};Факт;Системные;Сезоны;EMPLOYEE;RATING_MAX;INTEGRAL;FACT;PRESET_VALUE;;0;>;[];ПРОМ;7;1;["""MNS"""]
02_2025-2_07-1_1;Экосистема. Лидер по числу сделок;2025-07-01;4000-01-01;АКТИВНЫЙ;ТУРНИРНЫЙ;Чтобы стать участником, необходимо за время турнира закрыть как минимум одну сделку по продуктам экосистемы суммой от 50 тыс. руб. \\nЛучшие участнии в каждом ТБ станут победителями турнира и получат серебряные и бронзовые бейджи. ТОП-3 участника с лучшим результатом по всей стране станут обладателями золотой награды!;{"""feature""": ["""Победители получают один максимальный по достоинству бейдж""", """Данные обновляются раз в 2 недели"""], """vid""": """ПРОМ""", """momentRewarding""": """AFTER""", """minNumber""": 1, """capacity""": """""", """accuracy""": 0, """masking""": """N""", """tournamentStartMailing""": """Y""", """tournamentEndMailing""": """Y""", """tournamentLikeMailing""": """Y""", """tournamentRewardingMailing""": """Y""", """tournamentListMailing""": [], """persomanNumberVisible""":  [],  """persomanNumberHidden""": [], """gosbVisible""": [], """gosbHidden""": [], """tbVisible""": [], """tbHidden""": [], """businessBlock""": ["""MNS"""], """typeRewarding""": """one"""};шт.;Экосистема;экосистема все;EMPLOYEE;RATING_MAX;INTEGRAL;FACT;PRESET_VALUE;;0;>;[];ПРОМ;7;1;["""MNS"""]
02_2025-2_07-2_1;Максимальный полученный доход от продажи продуктов СберЗдоровье;2025-07-01;4000-01-01;АКТИВНЫЙ;ТУРНИРНЫЙ;Турнир проводится среди Старших менеджеров по нефинансовым сервисам и менеджеров по нефинансовым сервисам по продуктам СберЗдоровья. \\nЧтобы стать участником турнира, необходимо закрыть, как минимум одну сделку в период с 01.07.2025 - 31.12.2025г. \\nПобедители будут выбраны среди участников, у которых совокупная сумма сделок будет более 15 млн рублей.  ТОП-1 по результатам в каждом ТБ получат бронзовый бейдж. Первая тройка лучших участников во всей стране станет обладателями золотой награды, а участники с 4 по 6 места - серебряной.;{"""feature""": ["""Победители получают один максимальный по достоинству бейдж"""], """preferences""": ["""Компания СберЗдоровье является спонсором 4х преференций «Обучение в СберУниверситете»""", """Выбрать преференцию смогут лучшие участники в рейтинге по кристаллам по итогам всего сезона 2го полугодия 2025года"""], """vid""": """ПРОМ""", """momentRewarding""": """AFTER""", """minNumber""": 1, """capacity""": """MILLIONS""", """accuracy""": 2, """masking""": """N""", """tournamentStartMailing""": """Y""", """tournamentEndMailing""": """Y""", """tournamentLikeMailing""": """Y""", """tournamentRewardingMailing""": """Y""", """tournamentListMailing""": [], """persomanNumberVisible""": [],  """persomanNumberHidden""": [], """gosbVisible""": [], """gosbHidden""": [], """tbVisible""": [], """tbHidden""": [], """businessBlock""": ["""MNS"""], """typeRewarding""": """one"""};Сумма, млн руб.;Экосистема;СберЗдоровье;EMPLOYEE;RATING_MAX;INTEGRAL;FACT;PRESET_VALUE;;15000000;>=;[];ПРОМ;10;1;["""MNS"""]
02_2025-2_07-5_4;Лидер по продажам продуктов AI-native;2025-07-01;4000-01-01;АКТИВНЫЙ;ТУРНИРНЫЙ;Турнир проводится среди Старших менеджеров и Менеджеров по нефинансовым сервисам. Чтобы стать участником турнира, необходимо закрыть, как минимум одну сделку по продуктам категории AI-Native. Лучшие участники с наибольшим результатами в каждом ТБ станут победителями турнира и получат серебряный или бронзовый бейджи. ТОП-3 менеджера с лучшим результатом по всей стране станут обладателями золотой награды!;{"""feature""": ["""Победители получают один максимальный по достоинству бейдж""", """Данные обновляются раз в 2 недели"""], """vid""": """ПРОМ""", """momentRewarding""": """AFTER""", """minNumber""": 1, """capacity""": """MILLIONS""", """accuracy""": 2, """masking""": """N""", """tournamentStartMailing""": """Y""", """tournamentEndMailing""": """Y""", """tournamentLikeMailing""": """Y""", """tournamentRewardingMailing""": """Y""", """tournamentListMailing""": [], """persomanNumberVisible""":  [],  """persomanNumberHidden""": [], """gosbVisible""": [], """gosbHidden""": [], """tbVisible""": [], """tbHidden""": [], """businessBlock""": ["""MNS"""], """typeRewarding""": """one"""};Сумма, млн руб.;Экосистема;AI-native;EMPLOYEE;RATING_MAX;INTEGRAL;FACT;PRESET_VALUE;;0;>;[];ПРОМ;7;1;["""MNS"""]
02_2025-2_07-7_1;Лидер по продажам продуктов HR направления;2025-07-01;4000-01-01;АКТИВНЫЙ;ТУРНИРНЫЙ;Турнир проводится среди Старших менеджеров и Менеджеров по нефинансовым сервисам. Чтобы стать участником турнира, необходимо закрыть, как минимум одну сделку по продуктам HR направления. \\nЛучшие участники с наибольшим результатами в каждом ТБ станут победителями турнира и получат серебряный или бронзовый бейджи. ТОП-3 менеджера с лучшим результатом по всей стране станут обладателями золотой награды!;{"""feature""": ["""Победители получают один максимальный по достоинству бейдж""", """Данные обновляются раз в 2 недели"""], """vid""": """ПРОМ""", """momentRewarding""": """AFTER""", """minNumber""": 1, """capacity""": """THOUSANDS""", """accuracy""": 2, """masking""": """N""", """tournamentStartMailing""": """Y""", """tournamentEndMailing""": """Y""", """tournamentLikeMailing""": """Y""", """tournamentRewardingMailing""": """Y""", """tournamentListMailing""": [], """persomanNumberVisible""":  [],  """persomanNumberHidden""": [], """gosbVisible""": [], """gosbHidden""": [], """tbVisible""": [], """tbHidden""": [], """businessBlock""": ["""MNS"""], """typeRewarding""": """one"""};Сумма, тыс. руб.;Экосистема;HR;EMPLOYEE;RATING_MAX;INTEGRAL;FACT;PRESET_VALUE;;0;>;[];ПРОМ;7;1;["""MNS"""]
02_2025-2_07-8_1;Лидер по продажам продуктов IT направления;2025-07-01;4000-01-01;АКТИВНЫЙ;ТУРНИРНЫЙ;Турнир проводится среди Старших менеджеров и Менеджеров по нефинансовым сервисам. Чтобы стать участником турнира, необходимо закрыть, как минимум одну сделку по продуктам IT направления. \\nЛучшие участники с наибольшим результатами в каждом ТБ станут победителями турнира и получат серебряный или бронзовый бейджи. ТОП-3 менеджера с лучшим результатом по всей стране станут обладателями золотой награды!;{"""feature""": ["""Победители получают один максимальный по достоинству бейдж""", """Данные обновляются раз в 2 недели"""], """vid""": """ПРОМ""", """momentRewarding""": """AFTER""", """minNumber""": 1, """capacity""": """THOUSANDS""", """accuracy""": 2, """masking""": """N""", """tournamentStartMailing""": """Y""", """tournamentEndMailing""": """Y""", """tournamentLikeMailing""": """Y""", """tournamentRewardingMailing""": """Y""", """tournamentListMailing""": [], """persomanNumberVisible""":  [],  """persomanNumberHidden""": [], """gosbVisible""": [], """gosbHidden""": [], """tbVisible""": [], """tbHidden""": [], """businessBlock""": ["""MNS"""], """typeRewarding""": """one"""};Сумма, тыс. руб.;Экосистема;IT;EMPLOYEE;RATING_MAX;INTEGRAL;FACT;PRESET_VALUE;;0;>;[];ПРОМ;7;1;["""MNS"""]
02_2025-2_07-9_1;Лидер по продажам продуктов COM направления;2025-07-01;4000-01-01;АКТИВНЫЙ;ТУРНИРНЫЙ;Турнир проводится среди Старших менеджеров и Менеджеров по нефинансовым сервисам. Чтобы стать участником турнира, необходимо закрыть, как минимум одну сделку по продуктам COM направления. \\nЛучшие участники с наибольшим результатами в каждом ТБ станут победителями турнира и получат серебряный или бронзовый бейджи. ТОП-3 менеджера с лучшим результатом по всей стране станут обладателями золотой награды!;{"""feature""": ["""Продукты AI-native исключаются из расчета""", """Победители получают один максимальный по достоинству бейдж""", """Данные обновляются раз в 2 недели"""], """vid""": """ПРОМ""", """momentRewarding""": """AFTER""", """minNumber""": 1, """capacity""": """THOUSANDS""", """accuracy""": 2, """masking""": """N""", """tournamentStartMailing""": """Y""", """tournamentEndMailing""": """Y""", """tournamentLikeMailing""": """Y""", """tournamentRewardingMailing""": """Y""", """tournamentListMailing""": [], """persomanNumberVisible""":  [],  """persomanNumberHidden""": [], """gosbVisible""": [], """gosbHidden""": [], """tbVisible""": [], """tbHidden""": [], """businessBlock""": ["""MNS"""], """typeRewarding""": """one"""};Сумма, тыс. руб.;Экосистема;COM;EMPLOYEE;RATING_MAX;INTEGRAL;FACT;PRESET_VALUE;;0;>;[];ПРОМ;7;1;["""MNS"""]
03_2025-0_00-1;Сезон 2025 Сервисмен;2025-01-01;4000-01-01;АКТИВНЫЙ;ТУРНИРНЫЙ;Сезон 2025 год. Турниры;{"""feature""": [], """vid""": """ПРОМ""", """momentRewarding""": """AFTER""", """minNumber""": 1, """capacity""": """""", """accuracy""": 0, """masking""": """N""", """tournamentStartMailing""": """Y""", """tournamentEndMailing""": """Y""", """tournamentLikeMailing""": """Y""", """tournamentRewardingMailing""": """N""", """tournamentListMailing""": [], """persomanNumberVisible""": [],  """persomanNumberHidden""": [], """gosbVisible""": [], """gosbHidden""": [], """tbVisible""": [], """tbHidden""": [], """businessBlock""": ["""SERVICEMEN"""], """typeRewarding""": """one"""};Факт;Системные;Сезоны;EMPLOYEE;RATING_MAX;INTEGRAL;FACT;PRESET_VALUE;;0;>;[];ПРОМ;7;1;["""SERVICEMEN"""]
04_2025-0_00-1;Сезон 2025 Факторинг;2025-01-01;4000-01-01;АКТИВНЫЙ;ТУРНИРНЫЙ;Сезон 2025 год. Турниры;{"""feature""": [], """vid""": """ПРОМ""", """momentRewarding""": """AFTER""", """minNumber""": 1, """capacity""": """""", """accuracy""": 0, """masking""": """N""", """tournamentStartMailing""": """Y""", """tournamentEndMailing""": """Y""", """tournamentLikeMailing""": """Y""", """tournamentRewardingMailing""": """N""", """tournamentListMailing""": [], """persomanNumberVisible""": [],  """persomanNumberHidden""": [], """gosbVisible""": [], """gosbHidden""": [], """tbVisible""": [], """tbHidden""": [], """businessBlock""": ["""KMFACTORING"""], """typeRewarding""": """one"""};Факт;Системные;Сезоны;EMPLOYEE;RATING_MAX;INTEGRAL;FACT;PRESET_VALUE;;0;>;[];ПРОМ;7;1;["""KMFACTORING"""]
04_2025-0_15-1_1;Первенство КМ хантер по сумме лимитов реализованных сделок;2025-01-01;2025-12-31;АКТИВНЫЙ;ТУРНИРНЫЙ;Турнир для КМ хантеров. ТОП-1 участник, реализовавший сделки с наибольшими объемами лимитов получит золотой бейдж. Еще 5 участников разделят между собой серебро и бронзу.;{"""feature""": ["""Победители получают один максимальный по достоинству бейдж""", """Обновление информации просходит 1 раз в неделю"""], """vid""": """ПРОМ""", """momentRewarding""": """AFTER""", """minNumber""": 2, """capacity""": """MILLIONS""", """accuracy""": 2, """masking""": """N""", """tournamentStartMailing""": """Y""", """tournamentEndMailing""": """Y""", """tournamentLikeMailing""": """Y""", """tournamentRewardingMailing""": """Y""", """tournamentListMailing""": [], """persomanNumberVisible""": [],  """persomanNumberHidden""": [], """gosbVisible""": [], """gosbHidden""": [], """tbVisible""": [], """tbHidden""": [], """businessBlock""": ["""KMFACTORING"""], """typeRewarding""": """one"""};млн руб.;Факторинг;Факторинг;EMPLOYEE;RATING_MAX;INTEGRAL;FACT0-FACT1;PRESET_VALUE;;0;>;"[{"""period_code""": 0, """criterion_mark_type""": """>""", """criterion_mark_value""": 0 }, {"""period_code""": 1, """criterion_mark_type""": """>""", """criterion_mark_value""": 0 }]";ПРОМ;7;1;["""KMFACTORING"""]
04_2025-0_15-1_2;Новые деньги. Наращиваем СДО (МРБ);2025-01-01;2025-12-31;АКТИВНЫЙ;ТУРНИРНЫЙ;Турнир для менеджеров по развитию бизнеса. ТОП-1 участник по СДО новых денег получит золотой бейдж по итогам квартала. Еще 5 участников разделят между собой серебро и бронзу.;{"""feature""": ["""Победители получают один максимальный по достоинству бейдж""", """Обновление информации просходит 1 раз в неделю"""], """vid""": """ПРОМ""", """momentRewarding""": """AFTER""", """minNumber""": 2, """capacity""": """MILLIONS""", """accuracy""": 2, """masking""": """N""", """tournamentStartMailing""": """Y""", """tournamentEndMailing""": """Y""", """tournamentLikeMailing""": """Y""", """tournamentRewardingMailing""": """Y""", """tournamentListMailing""": [], """persomanNumberVisible""": [],  """persomanNumberHidden""": [], """gosbVisible""": [], """gosbHidden""": [], """tbVisible""": [], """tbHidden""": [], """businessBlock""": ["""KMFACTORING"""], """typeRewarding""": """one"""};млн руб.;Факторинг;Факторинг;EMPLOYEE;RATING_MAX;INTEGRAL;FACT0-FACT1;PRESET_VALUE;;0;>;"[{"""period_code""": 0, """criterion_mark_type""": """>""", """criterion_mark_value""": 0 }, {"""period_code""": 1, """criterion_mark_type""": """>""", """criterion_mark_value""": 0 }]";ПРОМ;7;1;["""KMFACTORING"""]
04_2025-0_15-1_3;Новые деньги. Наращиваем СДО (КМ с портфелем);2025-01-01;2025-12-31;АКТИВНЫЙ;ТУРНИРНЫЙ;Турнир для менеджеров с текущим портфелем. ТОП-1 участник по СДО новых денег получит золотой бейдж по итогам квартала. Еще 2 участника разделят между собой серебро и бронзу.;{"""feature""": ["""Победители получают один максимальный по достоинству бейдж""", """Обновление информации просходит 1 раз в неделю"""], """vid""": """ПРОМ""", """momentRewarding""": """AFTER""", """minNumber""": 2, """capacity""": """MILLIONS""", """accuracy""": 2, """masking""": """N""", """tournamentStartMailing""": """Y""", """tournamentEndMailing""": """Y""", """tournamentLikeMailing""": """Y""", """tournamentRewardingMailing""": """Y""", """tournamentListMailing""": [], """persomanNumberVisible""": [],  """persomanNumberHidden""": [], """gosbVisible""": [], """gosbHidden""": [], """tbVisible""": [], """tbHidden""": [], """businessBlock""": ["""KMFACTORING"""], """typeRewarding""": """one"""};млн руб.;Факторинг;Факторинг;EMPLOYEE;RATING_MAX;INTEGRAL;FACT0-FACT1;PRESET_VALUE;;0;>;"[{"""period_code""": 0, """criterion_mark_type""": """>""", """criterion_mark_value""": 0 }, {"""period_code""": 1, """criterion_mark_type""": """>""", """criterion_mark_value""": 0 }]";ПРОМ;7;1;["""KMFACTORING"""]
04_2025-0_15-2_1;Производительность. Потоковые сделки (МС);2025-01-01;2025-12-31;АКТИВНЫЙ;ТУРНИРНЫЙ;Участвуют менеджеры сопровождения "Поток". За время турнира необходимо набрать максимальный балл по рейтингу производительности. По итогом турнира ТОП-1 получит золотую награду, а следующие 4 участники разделят серебро и бронзу.;{"""feature""": ["""Победители получают один максимальный по достоинству бейдж""", """Обновление информации просходит 1 раз в неделю"""], """vid""": """ПРОМ""", """momentRewarding""": """AFTER""", """minNumber""": 2, """capacity""": """""", """accuracy""": 2, """masking""": """N""", """tournamentStartMailing""": """Y""", """tournamentEndMailing""": """Y""", """tournamentLikeMailing""": """Y""", """tournamentRewardingMailing""": """Y""", """tournamentListMailing""": [], """persomanNumberVisible""": [],  """persomanNumberHidden""": [], """gosbVisible""": [], """gosbHidden""": [], """tbVisible""": [], """tbHidden""": [], """businessBlock""": ["""KMFACTORING"""], """typeRewarding""": """one"""};балл;Факторинг;Эффективность;EMPLOYEE;RATING_MAX;INTEGRAL;FACT0-FACT1;PRESET_VALUE;;0;>;"[{"""period_code""": 0, """criterion_mark_type""": """>""", """criterion_mark_value""": 0 }, {"""period_code""": 1, """criterion_mark_type""": """>""", """criterion_mark_value""": 0 }]";ПРОМ;7;1;["""KMFACTORING"""]
04_2025-0_15-2_2;Производительность. Индивидуальные сделки (МС);2025-01-01;2025-12-31;АКТИВНЫЙ;ТУРНИРНЫЙ;Участвуют менеджеры сопровождения индивидуальных сделок. За время турнира необходимо набрать максимальный балл по рейтингу производительности. По итогом турнира ТОП-1 получит золотую награду, а следующие 4 участники разделят серебро и бронзу.;{"""feature""": ["""Победители получают один максимальный по достоинству бейдж""", """Обновление информации просходит 1 раз в неделю"""], """vid""": """ПРОМ""", """momentRewarding""": """AFTER""", """minNumber""": 2, """capacity""": """""", """accuracy""": 2, """masking""": """N""", """tournamentStartMailing""": """Y""", """tournamentEndMailing""": """Y""", """tournamentLikeMailing""": """Y""", """tournamentRewardingMailing""": """Y""", """tournamentListMailing""": [], """persomanNumberVisible""": [],  """persomanNumberHidden""": [], """gosbVisible""": [], """gosbHidden""": [], """tbVisible""": [], """tbHidden""": [], """businessBlock""": ["""KMFACTORING"""], """typeRewarding""": """one"""};балл;Факторинг;Эффективность;EMPLOYEE;RATING_MAX;INTEGRAL;FACT0-FACT1;PRESET_VALUE;;0;>;"[{"""period_code""": 0, """criterion_mark_type""": """>""", """criterion_mark_value""": 0 }, {"""period_code""": 1, """criterion_mark_type""": """>""", """criterion_mark_value""": 0 }]";ПРОМ;7;1;["""KMFACTORING"""]
04_2025-0_15-2_3;Производительность. Сделки изменений (МС);2025-01-01;2025-12-31;АКТИВНЫЙ;ТУРНИРНЫЙ;Турнир для менеджеров сопровождения сделок с изменениями. ТОП-3 участника по рейтингу производительности разделят между собой золото, серебро и бронзу.;{"""feature""": ["""Победители получают один максимальный по достоинству бейдж""", """Обновление информации просходит 1 раз в неделю"""], """vid""": """ПРОМ""", """momentRewarding""": """AFTER""", """minNumber""": 2, """capacity""": """""", """accuracy""": 2, """masking""": """N""", """tournamentStartMailing""": """Y""", """tournamentEndMailing""": """Y""", """tournamentLikeMailing""": """Y""", """tournamentRewardingMailing""": """Y""", """tournamentListMailing""": [], """persomanNumberVisible""": [],  """persomanNumberHidden""": [], """gosbVisible""": [], """gosbHidden""": [], """tbVisible""": [], """tbHidden""": [], """businessBlock""": ["""KMFACTORING"""], """typeRewarding""": """one"""};балл;Факторинг;Эффективность;EMPLOYEE;RATING_MAX;INTEGRAL;FACT0-FACT1;PRESET_VALUE;;0;>;"[{"""period_code""": 0, """criterion_mark_type""": """>""", """criterion_mark_value""": 0 }, {"""period_code""": 1, """criterion_mark_type""": """>""", """criterion_mark_value""": 0 }]";ПРОМ;7;1;["""KMFACTORING"""]
05_2025-0_00-1;Сезон 2025 Менеджер СБ1;2025-01-01;4000-01-01;АКТИВНЫЙ;ТУРНИРНЫЙ;Сезон 2025 год. Турниры;{"""feature""": [], """vid""": """ПРОМ""", """momentRewarding""": """AFTER""", """minNumber""": 1, """capacity""": """""", """accuracy""": 0, """masking""": """N""", """tournamentStartMailing""": """Y""", """tournamentEndMailing""": """Y""", """tournamentLikeMailing""": """Y""", """tournamentRewardingMailing""": """N""", """tournamentListMailing""": [], """persomanNumberVisible""": [],  """persomanNumberHidden""": [], """gosbVisible""": [], """gosbHidden""": [], """tbVisible""": [], """tbHidden""": [], """businessBlock""": ["""KMSB1"""], """typeRewarding""": """one"""};Факт;Системные;Сезоны;EMPLOYEE;RATING_MAX;INTEGRAL;FACT;PRESET_VALUE;;0;>;[];ПРОМ;7;1;["""KMSB1"""]
05_2025-0_18-1_1;Марафон УК Первая;2025-01-01;4000-01-01;АКТИВНЫЙ;ТУРНИРНЫЙ;В турнире участвуют менеджеры СберПервый. \\nУчастники с лучшими положительными нетто-притокам по УК Первая в каждом тербанке согласно квотам станут победителями турнира!;{"""feature""": ["""Победители получают один максимальный по достоинству бейдж""", """При условии выполения всем Сбером нето-притоков по ИДУ в сумме 18 млрд руб. и по ОПИФ в сумме 32 млрд руб. победители турнира получат доступ к наградам от УК Первая.""", """Рейтинг формируется без учета критерия нетто выше нуля по всем фабрикам. Условие по нетто будет учитываться в рейтинге с 01.06.25"""], """vid""": """ПРОМ""", """momentRewarding""": """AFTER""", """minNumber""": 3, """capacity""": """MILLIONS""", """accuracy""": 2, """masking""": """N""", """tournamentStartMailing""": """Y""", """tournamentEndMailing""": """Y""", """tournamentLikeMailing""": """Y""", """tournamentRewardingMailing""": """Y""", """tournamentListMailing""": [], """persomanNumberVisible""": [],  """persomanNumberHidden""": [], """gosbVisible""": [], """gosbHidden""": [], """tbVisible""": [], """tbHidden""": [], """businessBlock""": ["""KMSB1"""], """typeRewarding""": """one"""};нетто-притоки, млн руб.;Продукты УБ в канале СБ1;УКП;EMPLOYEE;RATING_MAX;INTEGRAL;FACT;PRESET_VALUE;;0;>;[];ПРОМ;7;1;["""KMSB1"""]
05_2025-0_18-2_1;Турнир по квадратным метрам;2025-01-01;4000-01-01;АКТИВНЫЙ;ТУРНИРНЫЙ;В турнире участвуют менеджеры СберПервый. \\nТОП-1 участник в каждом тербанке с максимальной суммой сборов по продуктам СФН получит серебряную награду, а ТОП-5 участников по стране станут обладателями золота!;{"""feature""": ["""Победители получают один максимальный по достоинству бейдж""", """При условии выполения личных сборов в сумме не менее 100 млн рублей и общей суммы сборов по всему Сберу на 30.06.2025 год 19,3 млрд руб. победители турнира получат доступ к наградам от фабрики СФН.""", """Рейтинг формируется без учета критерия нетто выше нуля по всем фабрикам. Условие по нетто будет учитываться в рейтинге с 01.06.25"""], """vid""": """ПРОМ""", """momentRewarding""": """AFTER""", """minNumber""": 1, """capacity""": """MILLIONS""", """accuracy""": 2, """masking""": """N""", """tournamentStartMailing""": """Y""", """tournamentEndMailing""": """Y""", """tournamentLikeMailing""": """Y""", """tournamentRewardingMailing""": """Y""", """tournamentListMailing""": [], """persomanNumberVisible""": [],  """persomanNumberHidden""": [], """gosbVisible""": [], """gosbHidden""": [], """tbVisible""": [], """tbHidden""": [], """businessBlock""": ["""KMSB1"""], """typeRewarding""": """one"""};сборы, млн руб.;Продукты УБ в канале СБ1;СФН;EMPLOYEE;RATING_MAX;INTEGRAL;FACT;PRESET_VALUE;;0;>;[];ПРОМ;7;1;["""KMSB1"""]
05_2025-0_18-2_2;Турнир по квадратным метрам;2025-01-01;4000-01-01;АКТИВНЫЙ;ТУРНИРНЫЙ;В турнире участвуют менеджеры СберПервый. \\nТОП-3 участник в каждом тербанке с максимальной суммой сборов по продуктам СФН получит золотоую награду!;{"""feature""": ["""Турнир проводится для участников из СРБ, УБ и ПВБ"""], """vid""": """ПРОМ""", """momentRewarding""": """AFTER""", """minNumber""": 1, """capacity""": """MILLIONS""", """accuracy""": 2, """masking""": """N""", """tournamentStartMailing""": """Y""", """tournamentEndMailing""": """Y""", """tournamentLikeMailing""": """Y""", """tournamentRewardingMailing""": """Y""", """tournamentListMailing""": [], """persomanNumberVisible""": [],  """persomanNumberHidden""": [], """gosbVisible""": [], """gosbHidden""": [], """tbVisible""": ["""99""", """40""","""16""","""54"""], """tbHidden""": [], """businessBlock""": ["""KMSB1"""], """typeRewarding""": """one"""};сборы, млн руб.;Продукты УБ в канале СБ1;СФН;EMPLOYEE;RATING_MAX;INTEGRAL;FACT;PRESET_VALUE;;0;>;[];ПРОМ;7;1;["""KMSB1"""]
05_2025-0_18-3_1;Ралли брокера;2025-01-01;4000-01-01;АКТИВНЫЙ;ТУРНИРНЫЙ;В турнире участвуют менеджеры СберПервый. \\nТОП-3 участника в каждом тербанке с максимальным нетто-притоком по УЭР станут победителями турнира!;{"""feature""": ["""Победители получают один максимальный по достоинству бейдж""", """При условии выполения ТБ своего ориентира по нетто-притокам и  комиссионному доходу, а также в целом выполнения по Сберу ориентира по нетто-притокам в 70 млрд руб. и по комиссионному доходу в 2,6 млрд руб. победители турнира получат доступ к наградам от УЭР.""", """Рейтинг формируется без учета критерия нетто выше нуля по всем фабрикам. Условие по нетто будет учитываться в рейтинге с 01.06.25"""], """vid""": """ПРОМ""", """momentRewarding""": """AFTER""", """minNumber""": 1, """capacity""": """MILLIONS""", """accuracy""": 2, """masking""": """N""", """tournamentStartMailing""": """Y""", """tournamentEndMailing""": """Y""", """tournamentLikeMailing""": """Y""", """tournamentRewardingMailing""": """Y""", """tournamentListMailing""": [], """persomanNumberVisible""": [],  """persomanNumberHidden""": [], """gosbVisible""": [], """gosbHidden""": [], """tbVisible""": [], """tbHidden""": [], """businessBlock""": ["""KMSB1"""], """typeRewarding""": """one"""};нетто-притоки, млн руб.;Продукты УБ в канале СБ1;Брокер;EMPLOYEE;RATING_MAX;INTEGRAL;FACT;PRESET_VALUE;;0;>;[];ПРОМ;7;1;["""KMSB1"""]
05_2025-0_18-4_1;Страховой олимп;2025-01-01;4000-01-01;АКТИВНЫЙ;ТУРНИРНЫЙ;В турнире участвуют менеджеры СберПервый. \\nУчастники с лучшими положительными нетто-притокам по СБСЖ в каждом тербанке согласно квотам станут победителями турнира!;{"""feature""": ["""Победители получают один максимальный по достоинству бейдж""", """Обладатели золота и серебра получат доступ к наградам от СБСЖ""", """Рейтинг формируется без учета критерия нетто выше нуля по всем фабрикам. Условие по нетто будет учитываться в рейтинге с 01.06.25"""], """vid""": """ПРОМ""", """momentRewarding""": """AFTER""", """minNumber""": 1, """capacity""": """MILLIONS""", """accuracy""": 2, """masking""": """N""", """tournamentStartMailing""": """Y""", """tournamentEndMailing""": """Y""", """tournamentLikeMailing""": """Y""", """tournamentRewardingMailing""": """Y""", """tournamentListMailing""": [], """persomanNumberVisible""": [],  """persomanNumberHidden""": [], """gosbVisible""": [], """gosbHidden""": [], """tbVisible""": [], """tbHidden""": [], """businessBlock""": ["""KMSB1"""], """typeRewarding""": """one"""};нетто-притоки, млн руб.;Продукты УБ в канале СБ1;СБСЖ;EMPLOYEE;RATING_MAX;INTEGRAL;FACT;PRESET_VALUE;;0;>;[];ПРОМ;7;1;["""KMSB1"""]
05_2025-0_18-5_1;Лотос у моря;2025-01-01;4000-01-01;АКТИВНЫЙ;ТУРНИРНЫЙ;В турнире участвуют менеджеры СберПервого, реализовавшие путевки в СКК «МРИЯ» на сумму не менее 1 млн рублей. ТОП-15 участников с максимальным результатом станут победителями турнира.;{"""feature""": ["""Победители получают один максимальный по достоинству бейдж""", """Все путевки должны быть фактически исполнены""", """Призеры турнира смогут получить фирменный мерч от курорта"""], """vid""": """ПРОМ""", """momentRewarding""": """AFTER""", """minNumber""": 1, """capacity""": """THOUSANDS""", """accuracy""": 2, """masking""": """N""", """tournamentStartMailing""": """Y""", """tournamentEndMailing""": """Y""", """tournamentLikeMailing""": """Y""", """tournamentRewardingMailing""": """Y""", """tournamentListMailing""": [], """persomanNumberVisible""": [],  """persomanNumberHidden""": [], """gosbVisible""": [], """gosbHidden""": [], """tbVisible""": [], """tbHidden""": [], """businessBlock""": ["""KMSB1"""], """typeRewarding""": """one"""};тыс. руб.;Продукты УБ в канале СБ1;Мрия;EMPLOYEE;RATING_MAX;INTEGRAL;FACT;PRESET_VALUE;;1000000;>=;[];ПРОМ;7;1;["""KMSB1"""]
05_2025-0_18-6_1;Загадка Алтая;2025-01-01;4000-01-01;АКТИВНЫЙ;ТУРНИРНЫЙ;В турнире участвуют менеджеры СберПервого, реализовавшие путевки в ВК «Манжерок» на сумму не менее 1 млн рублей. ТОП-15 участников с максимальным результатом станут победителями турнира.;{"""feature""": ["""Победители получают один максимальный по достоинству бейдж""", """Все путевки должны быть фактически исполнены""", """Призеры турнира смогут получить фирменный мерч от курорта"""], """vid""": """ПРОМ""", """momentRewarding""": """AFTER""", """minNumber""": 1, """capacity""": """THOUSANDS""", """accuracy""": 2, """masking""": """N""", """tournamentStartMailing""": """Y""", """tournamentEndMailing""": """Y""", """tournamentLikeMailing""": """Y""", """tournamentRewardingMailing""": """Y""", """tournamentListMailing""": [], """persomanNumberVisible""": [],  """persomanNumberHidden""": [], """gosbVisible""": [], """gosbHidden""": [], """tbVisible""": [], """tbHidden""": [], """businessBlock""": ["""KMSB1"""], """typeRewarding""": """one"""};тыс. руб.;Продукты УБ в канале СБ1;Манжерок;EMPLOYEE;RATING_MAX;INTEGRAL;FACT;PRESET_VALUE;;1000000;>=;[];ПРОМ;7;1;["""KMSB1"""]
05_2025-0_18-7_1;1 клиент на пакет услуг;2025-01-01;4000-01-01;АКТИВНЫЙ;ИНДИВИДУАЛЬНЫЙ НАКОПИТЕЛЬНЫЙ;Описание турнира;{"""feature""": ["""Обновление информации просходит раз в неделю"""], """vid""": """ПРОМ""", """momentRewarding""": """DURIN""", """minNumber""": 1, """capacity""": """""", """accuracy""": 0, """masking""": """N""", """tournamentStartMailing""": """N""", """tournamentEndMailing""": """N""", """tournamentLikeMailing""": """Y""", """tournamentRewardingMailing""": """Y""", """tournamentListMailing""": [], """persomanNumberVisible""": [],  """persomanNumberHidden""": [], """gosbVisible""": [], """gosbHidden""": [], """tbVisible""": [], """tbHidden""": [], """businessBlock""": ["""KMSB1"""], """typeRewarding""": """one"""};шт.;Продукты УБ в канале СБ1;Пакеты;EMPLOYEE;CRITERION;INTEGRAL;FACT;PRESET_VALUE;;1;>=;[];ПРОМ;7;1;["""KMSB1"""]
05_2025-0_18-7_2;3 клиента на пакет услуг;2025-01-01;4000-01-01;АКТИВНЫЙ;ИНДИВИДУАЛЬНЫЙ НАКОПИТЕЛЬНЫЙ;Описание турнира;{"""feature""": ["""Обновление информации просходит раз в неделю"""], """vid""": """ПРОМ""", """momentRewarding""": """DURIN""", """minNumber""": 1, """capacity""": """""", """accuracy""": 0, """masking""": """N""", """tournamentStartMailing""": """N""", """tournamentEndMailing""": """N""", """tournamentLikeMailing""": """Y""", """tournamentRewardingMailing""": """Y""", """tournamentListMailing""": [], """persomanNumberVisible""": [],  """persomanNumberHidden""": [], """gosbVisible""": [], """gosbHidden""": [], """tbVisible""": [], """tbHidden""": [], """businessBlock""": ["""KMSB1"""], """typeRewarding""": """one"""};шт.;Продукты УБ в канале СБ1;Пакеты;EMPLOYEE;CRITERION;INTEGRAL;FACT;PRESET_VALUE;;3;>=;[];ПРОМ;7;1;["""KMSB1"""]
05_2025-0_18-7_3;5 клиентов на пакет услуг;2025-01-01;4000-01-01;АКТИВНЫЙ;ИНДИВИДУАЛЬНЫЙ НАКОПИТЕЛЬНЫЙ;Описание турнира;{"""feature""": ["""Обновление информации просходит раз в неделю"""], """vid""": """ПРОМ""", """momentRewarding""": """DURIN""", """minNumber""": 1, """capacity""": """""", """accuracy""": 0, """masking""": """N""", """tournamentStartMailing""": """N""", """tournamentEndMailing""": """N""", """tournamentLikeMailing""": """Y""", """tournamentRewardingMailing""": """Y""", """tournamentListMailing""": [], """persomanNumberVisible""": [],  """persomanNumberHidden""": [], """gosbVisible""": [], """gosbHidden""": [], """tbVisible""": [], """tbHidden""": [], """businessBlock""": ["""KMSB1"""], """typeRewarding""": """one"""};шт.;Продукты УБ в канале СБ1;Пакеты;EMPLOYEE;CRITERION;INTEGRAL;FACT;PRESET_VALUE;;5;>=;[];ПРОМ;7;1;["""KMSB1"""]
05_2025-0_18-7_4;10 клиентов на пакет услуг;2025-01-01;4000-01-01;АКТИВНЫЙ;ИНДИВИДУАЛЬНЫЙ НАКОПИТЕЛЬНЫЙ;Описание турнира;{"""feature""": ["""Обновление информации просходит раз в неделю"""], """vid""": """ПРОМ""", """momentRewarding""": """DURIN""", """minNumber""": 1, """capacity""": """""", """accuracy""": 0, """masking""": """N""", """tournamentStartMailing""": """N""", """tournamentEndMailing""": """N""", """tournamentLikeMailing""": """Y""", """tournamentRewardingMailing""": """Y""", """tournamentListMailing""": [], """persomanNumberVisible""": [],  """persomanNumberHidden""": [], """gosbVisible""": [], """gosbHidden""": [], """tbVisible""": [], """tbHidden""": [], """businessBlock""": ["""KMSB1"""], """typeRewarding""": """one"""};шт.;Продукты УБ в канале СБ1;Пакеты;EMPLOYEE;CRITERION;INTEGRAL;FACT;PRESET_VALUE;;10;>=;[];ПРОМ;7;1;["""KMSB1"""]
05_2025-0_18-8_1;1 привлеченный клиент ЮЛ;2025-01-01;4000-01-01;АКТИВНЫЙ;ИНДИВИДУАЛЬНЫЙ НАКОПИТЕЛЬНЫЙ;Описание турнира;{"""feature""": ["""Обновление информации просходит раз в неделю"""], """vid""": """ПРОМ""", """momentRewarding""": """DURIN""", """minNumber""": 1, """capacity""": """""", """accuracy""": 0, """masking""": """N""", """tournamentStartMailing""": """N""", """tournamentEndMailing""": """N""", """tournamentLikeMailing""": """Y""", """tournamentRewardingMailing""": """Y""", """tournamentListMailing""": [], """persomanNumberVisible""": [],  """persomanNumberHidden""": [], """gosbVisible""": [], """gosbHidden""": [], """tbVisible""": [], """tbHidden""": [], """businessBlock""": ["""KMSB1"""], """typeRewarding""": """one"""};шт.;Продукты УБ в канале СБ1;Клиенты ЮЛ;EMPLOYEE;CRITERION;INTEGRAL;FACT;PRESET_VALUE;;1;>=;[];ПРОМ;7;1;["""KMSB1"""]
05_2025-0_18-8_2;3 привлеченных клиента ЮЛ;2025-01-01;4000-01-01;АКТИВНЫЙ;ИНДИВИДУАЛЬНЫЙ НАКОПИТЕЛЬНЫЙ;Описание турнира;{"""feature""": ["""Обновление информации просходит раз в неделю"""], """vid""": """ПРОМ""", """momentRewarding""": """DURIN""", """minNumber""": 1, """capacity""": """""", """accuracy""": 0, """masking""": """N""", """tournamentStartMailing""": """N""", """tournamentEndMailing""": """N""", """tournamentLikeMailing""": """Y""", """tournamentRewardingMailing""": """Y""", """tournamentListMailing""": [], """persomanNumberVisible""": [],  """persomanNumberHidden""": [], """gosbVisible""": [], """gosbHidden""": [], """tbVisible""": [], """tbHidden""": [], """businessBlock""": ["""KMSB1"""], """typeRewarding""": """one"""};шт.;Продукты УБ в канале СБ1;Клиенты ЮЛ;EMPLOYEE;CRITERION;INTEGRAL;FACT;PRESET_VALUE;;3;>=;[];ПРОМ;7;1;["""KMSB1"""]
05_2025-0_18-8_3;5 привлеченных клиентов ЮЛ;2025-01-01;4000-01-01;АКТИВНЫЙ;ИНДИВИДУАЛЬНЫЙ НАКОПИТЕЛЬНЫЙ;Описание турнира;{"""feature""": ["""Обновление информации просходит раз в неделю"""], """vid""": """ПРОМ""", """momentRewarding""": """DURIN""", """minNumber""": 1, """capacity""": """""", """accuracy""": 0, """masking""": """N""", """tournamentStartMailing""": """N""", """tournamentEndMailing""": """N""", """tournamentLikeMailing""": """Y""", """tournamentRewardingMailing""": """Y""", """tournamentListMailing""": [], """persomanNumberVisible""": [],  """persomanNumberHidden""": [], """gosbVisible""": [], """gosbHidden""": [], """tbVisible""": [], """tbHidden""": [], """businessBlock""": ["""KMSB1"""], """typeRewarding""": """one"""};шт.;Продукты УБ в канале СБ1;Клиенты ЮЛ;EMPLOYEE;CRITERION;INTEGRAL;FACT;PRESET_VALUE;;5;>=;[];ПРОМ;7;1;["""KMSB1"""]
05_2025-0_18-8_4;10 привлеченных клиентов ЮЛ;2025-01-01;4000-01-01;АКТИВНЫЙ;ИНДИВИДУАЛЬНЫЙ НАКОПИТЕЛЬНЫЙ;Описание турнира;{"""feature""": ["""Обновление информации просходит раз в неделю"""], """vid""": """ПРОМ""", """momentRewarding""": """DURIN""", """minNumber""": 1, """capacity""": """""", """accuracy""": 0, """masking""": """N""", """tournamentStartMailing""": """N""", """tournamentEndMailing""": """N""", """tournamentLikeMailing""": """Y""", """tournamentRewardingMailing""": """Y""", """tournamentListMailing""": [], """persomanNumberVisible""": [],  """persomanNumberHidden""": [], """gosbVisible""": [], """gosbHidden""": [], """tbVisible""": [], """tbHidden""": [], """businessBlock""": ["""KMSB1"""], """typeRewarding""": """one"""};шт.;Продукты УБ в канале СБ1;Клиенты ЮЛ;EMPLOYEE;CRITERION;INTEGRAL;FACT;PRESET_VALUE;;10;>=;[];ПРОМ;7;1;["""KMSB1"""]
06_2025-0_00-1;Сезон 2025 Инвестменеджер УБ;2025-01-01;4000-01-01;АКТИВНЫЙ;ТУРНИРНЫЙ;Сезон 2025 год. Турниры;{"""feature""": [], """vid""": """ПРОМ""", """momentRewarding""": """AFTER""", """minNumber""": 1, """capacity""": """""", """accuracy""": 0, """masking""": """N""", """tournamentStartMailing""": """Y""", """tournamentEndMailing""": """Y""", """tournamentLikeMailing""": """Y""", """tournamentRewardingMailing""": """N""", """tournamentListMailing""": [], """persomanNumberVisible""": [],  """persomanNumberHidden""": [], """gosbVisible""": [], """gosbHidden""": [], """tbVisible""": [], """tbHidden""": [], """businessBlock""": ["""IMUB"""], """typeRewarding""": """one"""};Факт;Системные;Сезоны;EMPLOYEE;RATING_MAX;INTEGRAL;FACT;PRESET_VALUE;;0;>;[];ПРОМ;7;1;["""IMUB"""]
06_2025-0_18-1_1;Марафон УК Первая;2025-01-01;4000-01-01;АКТИВНЫЙ;ТУРНИРНЫЙ;В турнире участвуют Инвестиционные менеджеры Управления Балгосостояния. \\nУчастники с лучшими положительными нетто-притокам по УК Первая станут победителями турнира!;{"""feature""": ["""Победители получают один максимальный по достоинству бейдж""", """Результат формируется по закрепленной территории""", """При условии выполения всем Сбером нето-притоков по ИДУ в сумме 18 млрд руб. и по ОПИФ в сумме 32 млрд руб. победители турнира получат доступ к наградам от УК Первая.""", """Рейтинг формируется без учета критерия нетто выше нуля по всем фабрикам. Условие по нетто будет учитываться в рейтинге с 01.06.25"""], """vid""": """ПРОМ""", """momentRewarding""": """AFTER""", """minNumber""": 1, """capacity""": """MILLIONS""", """accuracy""": 2, """masking""": """N""", """tournamentStartMailing""": """Y""", """tournamentEndMailing""": """Y""", """tournamentLikeMailing""": """Y""", """tournamentRewardingMailing""": """Y""", """tournamentListMailing""": [], """persomanNumberVisible""": [],  """persomanNumberHidden""": [], """gosbVisible""": [], """gosbHidden""": [], """tbVisible""": [], """tbHidden""": [], """businessBlock""": ["""IMUB"""], """typeRewarding""": """one"""};нетто-притоки, млн руб.;Продукты УБ в канале СБ1;УКП;EMPLOYEE;RATING_MAX;INTEGRAL;FACT;PRESET_VALUE;;0;>;[];ПРОМ;7;1;["""IMUB"""]
06_2025-0_18-2_1;Турнир по квадратным метрам;2025-01-01;4000-01-01;АКТИВНЫЙ;ТУРНИРНЫЙ;В турнире участвуют Инвестиционные менеджеры Управления Балгосостояния. \\nТОП-2 участника с максимальной суммой сборов по продуктам СФН станут победителями турнира!;{"""feature""": ["""Победители получают один максимальный по достоинству бейдж""", """Результат формируется по закрепленной территории""", """При условии выполения квартального плана по закрепленной территории не менее 110% и общей суммы сборов по всему Сберу на 30.06.2025 год 19,3 млрд руб. победители турнира получат доступ к наградам от фабрики СФН.""", """Рейтинг формируется без учета критерия нетто выше нуля по всем фабрикам. Условие по нетто будет учитываться в рейтинге с 01.06.25"""], """vid""": """ПРОМ""", """momentRewarding""": """AFTER""", """minNumber""": 1, """capacity""": """MILLIONS""", """accuracy""": 2, """masking""": """N""", """tournamentStartMailing""": """Y""", """tournamentEndMailing""": """Y""", """tournamentLikeMailing""": """Y""", """tournamentRewardingMailing""": """Y""", """tournamentListMailing""": [], """persomanNumberVisible""": [],  """persomanNumberHidden""": [], """gosbVisible""": [], """gosbHidden""": [], """tbVisible""": [], """tbHidden""": [], """businessBlock""": ["""IMUB"""], """typeRewarding""": """one"""};сборы, млн руб.;Продукты УБ в канале СБ1;СФН;EMPLOYEE;RATING_MAX;INTEGRAL;FACT;PRESET_VALUE;;0;>;[];ПРОМ;7;1;["""IMUB"""]
06_2025-0_18-2_2;Турнир по квадратным метрам;2025-01-01;4000-01-01;АКТИВНЫЙ;ТУРНИРНЫЙ;В турнире участвуют Инвестиционные менеджеры Управления Балгосостояния. \\nЛучший участник с максимальной суммой сборов по продуктам СФН станет победителем турнира!;{"""feature""": ["""Турнир проводится для участников из СРБ, УБ и ПВБ""", """Результат формируется по закрепленной территории"""], """vid""": """ПРОМ""", """momentRewarding""": """AFTER""", """minNumber""": 1, """capacity""": """MILLIONS""", """accuracy""": 2, """masking""": """N""", """tournamentStartMailing""": """Y""", """tournamentEndMailing""": """Y""", """tournamentLikeMailing""": """Y""", """tournamentRewardingMailing""": """Y""", """tournamentListMailing""": [], """persomanNumberVisible""": [],  """persomanNumberHidden""": [], """gosbVisible""": [], """gosbHidden""": [], """tbVisible""": ["""99""", """40""","""16""","""54"""], """tbHidden""": [], """businessBlock""": ["""IMUB"""], """typeRewarding""": """one"""};сборы, млн руб.;Продукты УБ в канале СБ1;СФН;EMPLOYEE;RATING_MAX;INTEGRAL;FACT;PRESET_VALUE;;0;>;[];ПРОМ;7;1;["""IMUB"""]
06_2025-0_18-3_1;Ралли брокера;2025-01-01;4000-01-01;АКТИВНЫЙ;ТУРНИРНЫЙ;В турнире участвуют Инвестиционные менеджеры Управления Балгосостояния. \\nТОП-3 участника с максимальным нетто-притоком по УЭР станут победителями турнира!;{"""feature""": ["""Победители получают один максимальный по достоинству бейдж""", """Результат формируется по закрепленной территории""", """При условии выполения ТБ своего ориентира по нетто-притокам и  комиссионному доходу, а также в целом выполнения по Сберу ориентира по нетто-притокам в 70 млрд руб. и по комиссионному доходу в 2,6 млрд руб. победители турнира получат доступ к наградам от УЭР.""", """Рейтинг формируется без учета критерия нетто выше нуля по всем фабрикам. Условие по нетто будет учитываться в рейтинге с 01.06.25"""], """vid""": """ПРОМ""", """momentRewarding""": """AFTER""", """minNumber""": 1, """capacity""": """MILLIONS""", """accuracy""": 2, """masking""": """N""", """tournamentStartMailing""": """Y""", """tournamentEndMailing""": """Y""", """tournamentLikeMailing""": """Y""", """tournamentRewardingMailing""": """Y""", """tournamentListMailing""": [], """persomanNumberVisible""": [],  """persomanNumberHidden""": [], """gosbVisible""": [], """gosbHidden""": [], """tbVisible""": [], """tbHidden""": [], """businessBlock""": ["""IMUB"""], """typeRewarding""": """one"""};нетто-притоки, млн руб.;Продукты УБ в канале СБ1;Брокер;EMPLOYEE;RATING_MAX;INTEGRAL;FACT;PRESET_VALUE;;0;>;[];ПРОМ;7;1;["""IMUB"""]
06_2025-0_18-4_1;Страховой олимп;2025-01-01;4000-01-01;АКТИВНЫЙ;ТУРНИРНЫЙ;В турнире участвуют Инвестиционные менеджеры Управления Балгосостояния. \\nТОП-4 участников с лучшими положительными нетто-притокам по СБСЖ станут победителями турнира!;{"""feature""": ["""Победители получают один максимальный по достоинству бейдж""", """Результат формируется по закрепленной территории""", """Рейтинг формируется без учета критерия нетто выше нуля по всем фабрикам. Условие по нетто будет учитываться в рейтинге с 01.06.25"""], """vid""": """ПРОМ""", """momentRewarding""": """AFTER""", """minNumber""": 1, """capacity""": """MILLIONS""", """accuracy""": 2, """masking""": """N""", """tournamentStartMailing""": """Y""", """tournamentEndMailing""": """Y""", """tournamentLikeMailing""": """Y""", """tournamentRewardingMailing""": """Y""", """tournamentListMailing""": [], """persomanNumberVisible""": [],  """persomanNumberHidden""": [], """gosbVisible""": [], """gosbHidden""": [], """tbVisible""": [], """tbHidden""": [], """businessBlock""": ["""IMUB"""], """typeRewarding""": """one"""};нетто-притоки, млн руб.;Продукты УБ в канале СБ1;СБСЖ;EMPLOYEE;RATING_MAX;INTEGRAL;FACT;PRESET_VALUE;;0;>;[];ПРОМ;7;1;["""IMUB"""]
07_2025-0_00-1;Сезон 2025 Руководитель направления УБ;2025-01-01;4000-01-01;АКТИВНЫЙ;ТУРНИРНЫЙ;Сезон 2025 год. Турниры;{"""feature""": [], """vid""": """ПРОМ""", """momentRewarding""": """AFTER""", """minNumber""": 1, """capacity""": """""", """accuracy""": 0, """masking""": """N""", """tournamentStartMailing""": """Y""", """tournamentEndMailing""": """Y""", """tournamentLikeMailing""": """Y""", """tournamentRewardingMailing""": """N""", """tournamentListMailing""": [], """persomanNumberVisible""": [],  """persomanNumberHidden""": [], """gosbVisible""": [], """gosbHidden""": [], """tbVisible""": [], """tbHidden""": [], """businessBlock""": ["""RNUB"""], """typeRewarding""": """one"""};Факт;Системные;Сезоны;EMPLOYEE;RATING_MAX;INTEGRAL;FACT;PRESET_VALUE;;0;>;[];ПРОМ;7;1;["""RNUB"""]
07_2025-0_18-1_1;Марафон УК Первая;2025-01-01;4000-01-01;АКТИВНЫЙ;ТУРНИРНЫЙ;В турнире участвуют руководители направления Управления благосостояния \\nУчастники с лучшими положительными нетто-притокам по УК Первая станут победителями турнира!;{"""feature""": ["""Победители получают один максимальный по достоинству бейдж""", """Результат формируется по своему территориальному банку""", """При условии выполения всем Сбером нето-притоков по ИДУ в сумме 18 млрд руб. и по ОПИФ в сумме 32 млрд руб. и индивидуального ориентира по тербанку победители турнира получат доступ к наградам от УК Первая.""", """Рейтинг формируется без учета критерия нетто выше нуля по всем фабрикам. Условие по нетто будет учитываться в рейтинге с 01.06.25"""], """vid""": """ПРОМ""", """momentRewarding""": """AFTER""", """minNumber""": 1, """capacity""": """MILLIONS""", """accuracy""": 2, """masking""": """N""", """tournamentStartMailing""": """Y""", """tournamentEndMailing""": """Y""", """tournamentLikeMailing""": """Y""", """tournamentRewardingMailing""": """Y""", """tournamentListMailing""": [], """persomanNumberVisible""": [],  """persomanNumberHidden""": [], """gosbVisible""": [], """gosbHidden""": [], """tbVisible""": [], """tbHidden""": [], """businessBlock""": ["""RNUB"""], """typeRewarding""": """one"""};нетто-притоки, млн руб.;Продукты УБ в канале СБ1;УКП;EMPLOYEE;RATING_MAX;INTEGRAL;FACT;PRESET_VALUE;;0;>;[];ПРОМ;7;1;["""RNUB"""]
07_2025-0_18-2_1;Турнир по квадратным метрам;2025-01-01;4000-01-01;АКТИВНЫЙ;ТУРНИРНЫЙ;В турнире участвуют руководители направления Управления благосостояния \\nЛучший участник с максимальной суммой сборов по продуктам СФН станет победителем турнира!;{"""feature""": ["""Победители получают один максимальный по достоинству бейдж""", """Результат формируется по своему территориальному банку""", """При условии выполения квартального плана тербанка не менее 110% и общей суммы сборов по всему Сберу на 30.06.2025 год 19,3 млрд руб. победители турнира получат доступ к наградам от фабрики СФН.""", """Рейтинг формируется без учета критерия нетто выше нуля по всем фабрикам. Условие по нетто будет учитываться в рейтинге с 01.06.25"""], """vid""": """ПРОМ""", """momentRewarding""": """AFTER""", """minNumber""": 1, """capacity""": """MILLIONS""", """accuracy""": 2, """masking""": """N""", """tournamentStartMailing""": """Y""", """tournamentEndMailing""": """Y""", """tournamentLikeMailing""": """Y""", """tournamentRewardingMailing""": """Y""", """tournamentListMailing""": [], """persomanNumberVisible""": [],  """persomanNumberHidden""": [], """gosbVisible""": [], """gosbHidden""": [], """tbVisible""": [], """tbHidden""": [], """businessBlock""": ["""RNUB"""], """typeRewarding""": """one"""};сборы, млн руб.;Продукты УБ в канале СБ1;СФН;EMPLOYEE;RATING_MAX;INTEGRAL;FACT;PRESET_VALUE;;0;>;[];ПРОМ;7;1;["""RNUB"""]
07_2025-0_18-2_2;Турнир по квадратным метрам;2025-01-01;4000-01-01;АКТИВНЫЙ;ТУРНИРНЫЙ;В турнире участвуют руководители направления Управления благосостояния \\nЛучший участник с максимальной суммой сборов по продуктам СФН станет победителем турнира!;{"""feature""": ["""Турнир проводится для участников из СРБ, УБ и ПВБ""", """Результат формируется по своему территориальному банку"""], """vid""": """ПРОМ""", """momentRewarding""": """AFTER""", """minNumber""": 1, """capacity""": """MILLIONS""", """accuracy""": 2, """masking""": """N""", """tournamentStartMailing""": """Y""", """tournamentEndMailing""": """Y""", """tournamentLikeMailing""": """Y""", """tournamentRewardingMailing""": """Y""", """tournamentListMailing""": [], """persomanNumberVisible""": [],  """persomanNumberHidden""": [], """gosbVisible""": [], """gosbHidden""": [], """tbVisible""": ["""99""", """40""","""16""","""54"""], """tbHidden""": [], """businessBlock""": ["""RNUB"""], """typeRewarding""": """one"""};сборы, млн руб.;Продукты УБ в канале СБ1;СФН;EMPLOYEE;RATING_MAX;INTEGRAL;FACT;PRESET_VALUE;;0;>;[];ПРОМ;7;1;["""RNUB"""]
07_2025-0_18-3_1;Ралли брокера;2025-01-01;4000-01-01;АРХИВНЫЙ;ТУРНИРНЫЙ;Описание турнира;{"""feature""": ["""Победители получают один максимальный по достоинству бейдж""", """Обновление информации просходит раз в неделю""", """Рейтинг формируется без учета критерия нетто выше нуля по всем фабрикам. Условие по нетто будет учитываться в рейтинге с 01.06.25"""], """vid""": """ПРОМ""", """momentRewarding""": """AFTER""", """minNumber""": 1, """capacity""": """MILLIONS""", """accuracy""": 2, """masking""": """N""", """tournamentStartMailing""": """Y""", """tournamentEndMailing""": """Y""", """tournamentLikeMailing""": """Y""", """tournamentRewardingMailing""": """Y""", """tournamentListMailing""": [], """persomanNumberVisible""": [],  """persomanNumberHidden""": [], """gosbVisible""": [], """gosbHidden""": [], """tbVisible""": [], """tbHidden""": [], """businessBlock""": ["""RNUB"""], """typeRewarding""": """one"""};нетто-притоки, млн руб.;Продукты УБ в канале СБ1;Брокер;EMPLOYEE;RATING_MAX;INTEGRAL;FACT;PRESET_VALUE;;0;>;[];ПРОМ;7;1;["""RNUB"""]
07_2025-0_18-4_1;Страховой олимп;2025-01-01;4000-01-01;АКТИВНЫЙ;ТУРНИРНЫЙ;В турнире участвуют руководители направления Управления благосостояния \\nТОП-4 участников с лучшими положительными нетто-притокам по СБСЖ станут победителями турнира!;{"""feature""": ["""Победители получают один максимальный по достоинству бейдж""", """Результат формируется по своему территориальному банку""", """Рейтинг формируется без учета критерия нетто выше нуля по всем фабрикам. Условие по нетто будет учитываться в рейтинге с 01.06.25"""], """vid""": """ПРОМ""", """momentRewarding""": """AFTER""", """minNumber""": 1, """capacity""": """MILLIONS""", """accuracy""": 2, """masking""": """N""", """tournamentStartMailing""": """Y""", """tournamentEndMailing""": """Y""", """tournamentLikeMailing""": """Y""", """tournamentRewardingMailing""": """Y""", """tournamentListMailing""": [], """persomanNumberVisible""": [],  """persomanNumberHidden""": [], """gosbVisible""": [], """gosbHidden""": [], """tbVisible""": [], """tbHidden""": [], """businessBlock""": ["""RNUB"""], """typeRewarding""": """one"""};нетто-притоки, млн руб.;Продукты УБ в канале СБ1;СБСЖ;EMPLOYEE;RATING_MAX;INTEGRAL;FACT;PRESET_VALUE;;0;>;[];ПРОМ;7;1;["""RNUB"""]
08_2025-0_00-1;Сезон 2025 Руководитель СБ1;2025-01-01;4000-01-01;АКТИВНЫЙ;ТУРНИРНЫЙ;Сезон 2025 год. Турниры;{"""feature""": [], """vid""": """ПРОМ""", """momentRewarding""": """AFTER""", """minNumber""": 1, """capacity""": """""", """accuracy""": 0, """masking""": """N""", """tournamentStartMailing""": """Y""", """tournamentEndMailing""": """Y""", """tournamentLikeMailing""": """Y""", """tournamentRewardingMailing""": """N""", """tournamentListMailing""": [], """persomanNumberVisible""": [],  """persomanNumberHidden""": [], """gosbVisible""": [], """gosbHidden""": [], """tbVisible""": [], """tbHidden""": [], """businessBlock""": ["""RSB1"""], """typeRewarding""": """one"""};Факт;Системные;Сезоны;EMPLOYEE;RATING_MAX;INTEGRAL;FACT;PRESET_VALUE;;0;>;[];ПРОМ;7;1;["""RSB1"""]
08_2025-0_18-1_1;Марафон УК Первая;2025-01-01;4000-01-01;АКТИВНЫЙ;ТУРНИРНЫЙ;В турнире участвуют Руководители ВИП-офисов СберПервого. \\nУчастники с лучшими положительными нетто-притокам по УК Первая станут победителями турнира!;{"""feature""": ["""Победители получают один максимальный по достоинству бейдж""", """Результат формируется по офису""", """При условии выполения всем Сбером нето-притоков по ИДУ в сумме 18 млрд руб. и по ОПИФ в сумме 32 млрд руб. и индивидуального ориентира по тербанку победители турнира получат доступ к наградам от УК Первая.""", """Рейтинг формируется без учета критерия нетто выше нуля по всем фабрикам. Условие по нетто будет учитываться в рейтинге с 01.06.25"""], """vid""": """ПРОМ""", """momentRewarding""": """AFTER""", """minNumber""": 1, """capacity""": """MILLIONS""", """accuracy""": 2, """masking""": """N""", """tournamentStartMailing""": """Y""", """tournamentEndMailing""": """Y""", """tournamentLikeMailing""": """Y""", """tournamentRewardingMailing""": """Y""", """tournamentListMailing""": [], """persomanNumberVisible""": [],  """persomanNumberHidden""": [], """gosbVisible""": [], """gosbHidden""": [], """tbVisible""": [], """tbHidden""": [], """businessBlock""": ["""RSB1"""], """typeRewarding""": """one"""};нетто-притоки, млн руб.;Продукты УБ в канале СБ1;УКП;EMPLOYEE;RATING_MAX;INTEGRAL;FACT;PRESET_VALUE;;0;>;[];ПРОМ;7;1;["""RSB1"""]
08_2025-0_18-2_1;Турнир по квадратным метрам;2025-01-01;4000-01-01;АКТИВНЫЙ;ТУРНИРНЫЙ;В турнире участвуют Руководители ВИП-офисов СберПервого. \\nТОП-5 участников с максимальной суммой сборов по продуктам СФН станут победителями турнира!;{"""feature""": ["""Победители получают один максимальный по достоинству бейдж""", """Результат формируется по офису""", """При условии выполения квартального плана офиса не менее 110% и общей суммы сборов по всему Сберу на 30.06.2025 год 19,3 млрд руб. победители турнира получат доступ к наградам от фабрики СФН.""", """Рейтинг формируется без учета критерия нетто выше нуля по всем фабрикам. Условие по нетто будет учитываться в рейтинге с 01.06.25"""], """vid""": """ПРОМ""", """momentRewarding""": """AFTER""", """minNumber""": 1, """capacity""": """MILLIONS""", """accuracy""": 2, """masking""": """N""", """tournamentStartMailing""": """Y""", """tournamentEndMailing""": """Y""", """tournamentLikeMailing""": """Y""", """tournamentRewardingMailing""": """Y""", """tournamentListMailing""": [], """persomanNumberVisible""": [],  """persomanNumberHidden""": [], """gosbVisible""": [], """gosbHidden""": [], """tbVisible""": [], """tbHidden""": [], """businessBlock""": ["""RSB1"""], """typeRewarding""": """one"""};сборы, млн руб.;Продукты УБ в канале СБ1;СФН;EMPLOYEE;RATING_MAX;INTEGRAL;FACT;PRESET_VALUE;;0;>;[];ПРОМ;7;1;["""RSB1"""]
08_2025-0_18-2_2;Турнир по квадратным метрам;2025-01-01;4000-01-01;АКТИВНЫЙ;ТУРНИРНЫЙ;В турнире участвуют Руководители ВИП-офисов СберПервого. \\nТОП-5 участников с максимальной суммой сборов по продуктам СФН станут победителями турнира!;{"""feature""": ["""Турнир проводится для участников из СРБ, УБ и ПВБ""", """Результат формируется по офису"""], """vid""": """ПРОМ""", """momentRewarding""": """AFTER""", """minNumber""": 1, """capacity""": """MILLIONS""", """accuracy""": 2, """masking""": """N""", """tournamentStartMailing""": """Y""", """tournamentEndMailing""": """Y""", """tournamentLikeMailing""": """Y""", """tournamentRewardingMailing""": """Y""", """tournamentListMailing""": [], """persomanNumberVisible""": [],  """persomanNumberHidden""": [], """gosbVisible""": [], """gosbHidden""": [], """tbVisible""": ["""99""", """40""","""16""","""54"""], """tbHidden""": [], """businessBlock""": ["""RSB1"""], """typeRewarding""": """one"""};сборы, млн руб.;Продукты УБ в канале СБ1;СФН;EMPLOYEE;RATING_MAX;INTEGRAL;FACT;PRESET_VALUE;;0;>;[];ПРОМ;7;1;["""RSB1"""]
08_2025-0_18-3_1;Ралли брокера;2025-01-01;4000-01-01;АКТИВНЫЙ;ТУРНИРНЫЙ;В турнире участвуют Руководители ВИП-офисов СберПервого. \\nТОП-5 участника с максимальным нетто-притоком по УЭР станут победителями турнира!;{"""feature""": ["""Победители получают один максимальный по достоинству бейдж""", """Результат формируется по офису""", """При условии выполения ТБ своего ориентира по нетто-притокам и  комиссионному доходу, а также в целом выполнения по Сберу ориентира по нетто-притокам в 70 млрд руб. и по комиссионному доходу в 2,6 млрд руб. победители турнира получат доступ к наградам от УЭР.""", """Рейтинг формируется без учета критерия нетто выше нуля по всем фабрикам. Условие по нетто будет учитываться в рейтинге с 01.06.25"""], """vid""": """ПРОМ""", """momentRewarding""": """AFTER""", """minNumber""": 1, """capacity""": """MILLIONS""", """accuracy""": 2, """masking""": """N""", """tournamentStartMailing""": """Y""", """tournamentEndMailing""": """Y""", """tournamentLikeMailing""": """Y""", """tournamentRewardingMailing""": """Y""", """tournamentListMailing""": [], """persomanNumberVisible""": [],  """persomanNumberHidden""": [], """gosbVisible""": [], """gosbHidden""": [], """tbVisible""": [], """tbHidden""": [], """businessBlock""": ["""RSB1"""], """typeRewarding""": """one"""};нетто-притоки, млн руб.;Продукты УБ в канале СБ1;Брокер;EMPLOYEE;RATING_MAX;INTEGRAL;FACT;PRESET_VALUE;;0;>;[];ПРОМ;7;1;["""RSB1"""]
08_2025-0_18-4_1;Страховой олимп;2025-01-01;4000-01-01;АКТИВНЫЙ;ТУРНИРНЫЙ;В турнире участвуют менеджеры СберПервый. \\nТОП-5 участников с лучшими положительными нетто-притокам по СБСЖ станут победителями турнира!;{"""feature""": ["""Победители получают один максимальный по достоинству бейдж""", """Результат формируется по офису""", """Рейтинг формируется без учета критерия нетто выше нуля по всем фабрикам. Условие по нетто будет учитываться в рейтинге с 01.06.25"""], """vid""": """ПРОМ""", """momentRewarding""": """AFTER""", """minNumber""": 1, """capacity""": """MILLIONS""", """accuracy""": 2, """masking""": """N""", """tournamentStartMailing""": """Y""", """tournamentEndMailing""": """Y""", """tournamentLikeMailing""": """Y""", """tournamentRewardingMailing""": """Y""", """tournamentListMailing""": [], """persomanNumberVisible""": [],  """persomanNumberHidden""": [], """gosbVisible""": [], """gosbHidden""": [], """tbVisible""": [], """tbHidden""": [], """businessBlock""": ["""RSB1"""], """typeRewarding""": """one"""};нетто-притоки, млн руб.;Продукты УБ в канале СБ1;СБСЖ;EMPLOYEE;RATING_MAX;INTEGRAL;FACT;PRESET_VALUE;;0;>;[];ПРОМ;7;1;["""RSB1"""]
CONTEST_00;Приветственный;2023-07-01;4000-01-01;АРХИВНЫЙ;ИНДИВИДУАЛЬНЫЙ;описание;{"""feature""": [], """vid""": """ПРОМ""", """momentRewarding""": """AFTER""", """minNumber""": 1, """capacity""": """""", """accuracy""": 0, """masking""": """N""", """tournamentStartMailing""": """N""", """tournamentEndMailing""": """N""", """tournamentLikeMailing""": """Y""", """tournamentRewardingMailing""": """N""", """tournamentListMailing""": [], """persomanNumberVisible""": [],  """persomanNumberHidden""": [], """gosbVisible""": [], """gosbHidden""": [], """tbVisible""": [], """tbHidden""": [], """businessBlock""": [], """typeRewarding""": """all"""};Факт;Статусные;Приветственные;EMPLOYEE;CRITERION;INTEGRAL;FACT;PRESET_VALUE;;0;>;[];ПРОМ;1;1;["""KMKKSB"""]
CONTEST_01;Индия накопи 100;2023-07-01;4000-01-01;АРХИВНЫЙ;ИНДИВИДУАЛЬНЫЙ НАКОПИТЕЛЬНЫЙ;описание;{"""feature""": [], """vid""": """ПРОМ""", """momentRewarding""": """DURIN""", """minNumber""": 1, """capacity""": """THOUSANDS""", """accuracy""": 0, """masking""": """N""", """tournamentStartMailing""": """N""", """tournamentEndMailing""": """N""", """tournamentLikeMailing""": """Y""", """tournamentRewardingMailing""": """Y""", """tournamentListMailing""": [], """persomanNumberVisible""": [],  """persomanNumberHidden""": [], """gosbVisible""": [], """gosbHidden""": [], """tbVisible""": [], """tbHidden""": [], """businessBlock""": ["""KMKKSB"""], """typeRewarding""": """all"""};Комиссия, тыс. руб.;ВЭД, нац рынки, хедж;Индия;EMPLOYEE;CRITERION;INTEGRAL;FACT;PRESET_VALUE;;100000;>=;[];ПРОМ;10;0;["""KMKKSB"""]
CONTEST_02;Индия накопи 500;2023-07-01;4000-01-01;АРХИВНЫЙ;ИНДИВИДУАЛЬНЫЙ НАКОПИТЕЛЬНЫЙ;описание;{"""feature""": [], """vid""": """ПРОМ""", """momentRewarding""": """DURIN""", """minNumber""": 1, """capacity""": """THOUSANDS""", """accuracy""": 0, """masking""": """N""", """tournamentStartMailing""": """N""", """tournamentEndMailing""": """N""", """tournamentLikeMailing""": """Y""", """tournamentRewardingMailing""": """Y""", """tournamentListMailing""": [], """persomanNumberVisible""": [],  """persomanNumberHidden""": [], """gosbVisible""": [], """gosbHidden""": [], """tbVisible""": [], """tbHidden""": [], """businessBlock""": ["""KMKKSB"""], """typeRewarding""": """all"""};Комиссия, тыс. руб.;ВЭД, нац рынки, хедж;Индия;EMPLOYEE;CRITERION;INTEGRAL;FACT;PRESET_VALUE;;500000;>=;[];ПРОМ;10;0;["""KMKKSB"""]
CONTEST_03;Индия накопи 3000;2023-07-01;4000-01-01;АРХИВНЫЙ;ИНДИВИДУАЛЬНЫЙ НАКОПИТЕЛЬНЫЙ;описание;{"""feature""": [], """vid""": """ПРОМ""", """momentRewarding""": """DURIN""", """minNumber""": 1, """capacity""": """THOUSANDS""", """accuracy""": 0, """masking""": """N""", """tournamentStartMailing""": """N""", """tournamentEndMailing""": """N""", """tournamentLikeMailing""": """Y""", """tournamentRewardingMailing""": """Y""", """tournamentListMailing""": [], """persomanNumberVisible""": [],  """persomanNumberHidden""": [], """gosbVisible""": [], """gosbHidden""": [], """tbVisible""": [], """tbHidden""": [], """businessBlock""": ["""KMKKSB"""], """typeRewarding""": """all"""};Комиссия, тыс. руб.;ВЭД, нац рынки, хедж;Индия;EMPLOYEE;CRITERION;INTEGRAL;FACT;PRESET_VALUE;;3000000;>=;[];ПРОМ;10;0;["""KMKKSB"""]
CONTEST_04;Индия накопи 10000;2023-07-01;4000-01-01;АРХИВНЫЙ;ИНДИВИДУАЛЬНЫЙ НАКОПИТЕЛЬНЫЙ;описание;{"""feature""": [], """vid""": """ПРОМ""", """momentRewarding""": """DURIN""", """minNumber""": 1, """capacity""": """THOUSANDS""", """accuracy""": 0, """masking""": """N""", """tournamentStartMailing""": """N""", """tournamentEndMailing""": """N""", """tournamentLikeMailing""": """Y""", """tournamentRewardingMailing""": """Y""", """tournamentListMailing""": [], """persomanNumberVisible""": [],  """persomanNumberHidden""": [], """gosbVisible""": [], """gosbHidden""": [], """tbVisible""": [], """tbHidden""": [], """businessBlock""": ["""KMKKSB"""], """typeRewarding""": """all"""};Комиссия, тыс. руб.;ВЭД, нац рынки, хедж;Индия;EMPLOYEE;CRITERION;INTEGRAL;FACT;PRESET_VALUE;;10000000;>=;[];ПРОМ;10;0;["""KMKKSB"""]
CONTEST_05;Индия сделай х2;2023-07-01;4000-01-01;АРХИВНЫЙ;ИНДИВИДУАЛЬНЫЙ НАКОПИТЕЛЬНЫЙ;описание;{"""feature""": [], """vid""": """ПРОМ""", """momentRewarding""": """AFTER""", """minNumber""": 1, """capacity""": """THOUSANDS""", """accuracy""": 0, """masking""": """N""", """tournamentStartMailing""": """N""", """tournamentEndMailing""": """N""", """tournamentLikeMailing""": """Y""", """tournamentRewardingMailing""": """Y""", """tournamentListMailing""": [], """persomanNumberVisible""": [],  """persomanNumberHidden""": [], """gosbVisible""": [], """gosbHidden""": [], """tbVisible""": [], """tbHidden""": [], """businessBlock""": ["""KMKKSB"""], """typeRewarding""": """all"""};Комиссия, тыс. руб.;ВЭД, нац рынки, хедж;Индия;EMPLOYEE;CRITERION;INTEGRAL;FACT;DEPENDS_PREVIOUS_PERIOD;MULTIPLIER;2;>=;"[{"""period_code""": -1, """criterion_mark_type""": """>""", """criterion_mark_value""": 0}]";ПРОМ;10;0;["""KMKKSB"""]
CONTEST_06;Индия сделай х3;2023-07-01;4000-01-01;АРХИВНЫЙ;ИНДИВИДУАЛЬНЫЙ НАКОПИТЕЛЬНЫЙ;описание;{"""feature""": [], """vid""": """ПРОМ""", """momentRewarding""": """AFTER""", """minNumber""": 1, """capacity""": """THOUSANDS""", """accuracy""": 0, """masking""": """N""", """tournamentStartMailing""": """N""", """tournamentEndMailing""": """N""", """tournamentLikeMailing""": """Y""", """tournamentRewardingMailing""": """Y""", """tournamentListMailing""": [], """persomanNumberVisible""": [],  """persomanNumberHidden""": [], """gosbVisible""": [], """gosbHidden""": [], """tbVisible""": [], """tbHidden""": [], """businessBlock""": ["""KMKKSB"""], """typeRewarding""": """all"""};Комиссия, тыс. руб.;ВЭД, нац рынки, хедж;Индия;EMPLOYEE;CRITERION;INTEGRAL;FACT;DEPENDS_PREVIOUS_PERIOD;MULTIPLIER;3;>=;"[{"""period_code""": -1, """criterion_mark_type""": """>""", """criterion_mark_value""": 0}]";ПРОМ;10;0;["""KMKKSB"""]
CONTEST_07;Индия сделай х4;2023-07-01;4000-01-01;АРХИВНЫЙ;ИНДИВИДУАЛЬНЫЙ НАКОПИТЕЛЬНЫЙ;описание;{"""feature""": [], """vid""": """ПРОМ""", """momentRewarding""": """AFTER""", """minNumber""": 1, """capacity""": """THOUSANDS""", """accuracy""": 0, """masking""": """N""", """tournamentStartMailing""": """N""", """tournamentEndMailing""": """N""", """tournamentLikeMailing""": """Y""", """tournamentRewardingMailing""": """Y""", """tournamentListMailing""": [], """persomanNumberVisible""": [],  """persomanNumberHidden""": [], """gosbVisible""": [], """gosbHidden""": [], """tbVisible""": [], """tbHidden""": [], """businessBlock""": ["""KMKKSB"""], """typeRewarding""": """all"""};Комиссия, тыс. руб.;ВЭД, нац рынки, хедж;Индия;EMPLOYEE;CRITERION;INTEGRAL;FACT;DEPENDS_PREVIOUS_PERIOD;MULTIPLIER;4;>=;"[{"""period_code""": -1, """criterion_mark_type""": """>""", """criterion_mark_value""": 0}]";ПРОМ;10;0;["""KMKKSB"""]
CONTEST_08_01;Марафон по условным сделкам;2023-01-01;4000-01-01;АРХИВНЫЙ;ТУРНИРНЫЙ;Участниками турнира становятся клиентские менеджеры ККСБ, которые имеют закрытые условные сделки в период проведения турнира. \\n10% участников с наибольшими результатами в своем ГОСБ (Аппарате ТБ) получат бронзовый бейдж.  Лучшие 7% участников по сумме УС в своих тербанках получат серебряный бейдж. Наконец, победа на уровне страны – это золотой бейдж, который достанется 1% участников с максимальным результатом среди всех. Чемпионы страны получат все три бейджа и публикацию про себя в ленте Сообщества!;{"""feature""": ["""Данные по УС основывается на дешборде по результативности КМ в Qlik Sense""", """Обновление информации просходит по мере обновления дешборда""", """Итоги турнира подводятся в 15-х числах месяца, следующего за месяцем турнира"""], """vid""": """ПРОМ""", """momentRewarding""": """AFTER""", """minNumber""": 1, """capacity""": """""", """accuracy""": 3, """masking""": """N""", """tournamentStartMailing""": """Y""", """tournamentEndMailing""": """N""", """tournamentLikeMailing""": """Y""", """tournamentRewardingMailing""": """Y""", """tournamentListMailing""": [], """persomanNumberVisible""": [],  """persomanNumberHidden""": [], """gosbVisible""": [], """gosbHidden""": [], """tbVisible""": [], """tbHidden""": [], """businessBlock""": ["""KMKKSB"""], """typeRewarding""": """all"""};Сумма УС, шт.;Эффективность;Условные сделки;EMPLOYEE;RATING_MAX;INTEGRAL;FACT;PRESET_VALUE;;0;>;[];ПРОМ;1;0;["""KMKKSB"""]
CONTEST_10_01;Активы. ТОП-1 по условным сделкам;2023-07-01;4000-01-01;АРХИВНЫЙ;ТУРНИРНЫЙ;Чтобы стать участником, закрывайте условные сделки по Активам в течение срока проведения турнира. Каждый две недели побеждают менеджеры, которые закрывают больше всего условных сделок в своем территориальном банке — они получают серебряный бейдж. Участник с лучшим результатом по всей стране получает золото! Удачи!;{"""feature""": ["""Данные по УС основывается на дешборде по результативности КМ в Qlik Sense""", """Обновление информации просходит 2 раза в неделю"""], """vid""": """ПРОМ""", """momentRewarding""": """AFTER""", """minNumber""": 1, """capacity""": """""", """accuracy""": 3, """masking""": """N""", """tournamentStartMailing""": """Y""", """tournamentEndMailing""": """N""", """tournamentLikeMailing""": """Y""", """tournamentRewardingMailing""": """Y""", """tournamentListMailing""": [], """persomanNumberVisible""": [],  """persomanNumberHidden""": [], """gosbVisible""": [], """gosbHidden""": [], """tbVisible""": [], """tbHidden""": [], """businessBlock""": ["""KMKKSB"""], """typeRewarding""": """all"""};Сумма УС, шт.;Кредиты;Условные сделки;EMPLOYEE;RATING_MAX;INTEGRAL;FACT;PRESET_VALUE;;0;>;[];ПРОМ;1;1;["""KMKKSB"""]
CONTEST_100;Кристаллы;2023-07-01;4000-01-01;АКТИВНЫЙ;ИНДИВИДУАЛЬНЫЙ;описание;{"""feature""": [], """vid""": """ПРОМ""", """momentRewarding""": """AFTER""", """minNumber""": 1, """capacity""": """""", """accuracy""": 0, """masking""": """N""", """tournamentStartMailing""": """N""", """tournamentEndMailing""": """N""", """tournamentLikeMailing""": """Y""", """tournamentRewardingMailing""": """N""", """tournamentListMailing""": [], """persomanNumberVisible""": ["""01340230""", """00343653""", """91500718"""],  """persomanNumberHidden""": [], """gosbVisible""": [], """gosbHidden""": [], """tbVisible""": [], """tbHidden""": [], """businessBlock""": [], """typeRewarding""": """all"""};шт.;Системные;Кристаллы;EMPLOYEE;CRITERION;INTEGRAL;FACT;PRESET_VALUE;;1;=;[];ПРОМ;1;1;[]
CONTEST_11;Лига Чемпионов 1ПГ 2023;2023-07-01;4000-01-01;АРХИВНЫЙ;ИНДИВИДУАЛЬНЫЙ;описание;{"""feature""": [], """vid""": """ПРОМ""", """momentRewarding""": """AFTER""", """minNumber""": 1, """capacity""": """""", """accuracy""": 0, """masking""": """N""", """tournamentStartMailing""": """N""", """tournamentEndMailing""": """N""", """tournamentLikeMailing""": """Y""", """tournamentRewardingMailing""": """N""", """tournamentListMailing""": [], """persomanNumberVisible""": [],  """persomanNumberHidden""": [], """gosbVisible""": [], """gosbHidden""": [], """tbVisible""": [], """tbHidden""": [], """businessBlock""": ["""KMKKSB"""], """typeRewarding""": """all"""};Факт;Команда;Лига;EMPLOYEE;CRITERION;INTEGRAL;FACT;PRESET_VALUE;;1;=;[];ПРОМ;1;0;["""KMKKSB"""]
CONTEST_12;Лига Чемпионов 2ПГ 2023;2023-07-01;4000-01-01;АРХИВНЫЙ;ИНДИВИДУАЛЬНЫЙ;описание;{"""feature""": [], """vid""": """ПРОМ""", """momentRewarding""": """AFTER""", """minNumber""": 1, """capacity""": """""", """accuracy""": 0, """masking""": """N""", """tournamentStartMailing""": """N""", """tournamentEndMailing""": """N""", """tournamentLikeMailing""": """Y""", """tournamentRewardingMailing""": """Y""", """tournamentListMailing""": [], """persomanNumberVisible""": [],  """persomanNumberHidden""": [], """gosbVisible""": [], """gosbHidden""": [], """tbVisible""": [], """tbHidden""": [], """businessBlock""": ["""KMKKSB"""], """typeRewarding""": """all"""};Факт;Команда;Лига;EMPLOYEE;CRITERION;INTEGRAL;FACT;PRESET_VALUE;;1;=;[];ПРОМ;1;0;["""KMKKSB"""]
CONTEST_13;Суперкубок 2023;2023-01-01;4000-01-01;АРХИВНЫЙ;ИНДИВИДУАЛЬНЫЙ;описание;{"""feature""": [], """vid""": """ПРОМ""", """momentRewarding""": """AFTER""", """minNumber""": 1, """capacity""": """""", """accuracy""": 0, """masking""": """N""", """tournamentStartMailing""": """N""", """tournamentEndMailing""": """N""", """tournamentLikeMailing""": """Y""", """tournamentRewardingMailing""": """Y""", """tournamentListMailing""": [], """persomanNumberVisible""": [],  """persomanNumberHidden""": [], """gosbVisible""": [], """gosbHidden""": [], """tbVisible""": [], """tbHidden""": [], """businessBlock""": ["""KMKKSB"""], """typeRewarding""": """all"""};Факт;Команда;Лига;EMPLOYEE;CRITERION;INTEGRAL;FACT;PRESET_VALUE;;1;=;[];ПРОМ;1;0;["""KMKKSB"""]
CONTEST_14;СВЕРХБОНУС 1 место;2023-07-01;4000-01-01;АРХИВНЫЙ;ИНДИВИДУАЛЬНЫЙ;описание;{"""feature""": [], """vid""": """ПРОМ""", """momentRewarding""": """AFTER""", """minNumber""": 1, """capacity""": """""", """accuracy""": 0, """masking""": """N""", """tournamentStartMailing""": """N""", """tournamentEndMailing""": """N""", """tournamentLikeMailing""": """Y""", """tournamentRewardingMailing""": """Y""", """tournamentListMailing""": [], """persomanNumberVisible""": [],  """persomanNumberHidden""": [], """gosbVisible""": [], """gosbHidden""": [], """tbVisible""": [], """tbHidden""": [], """businessBlock""": ["""KMKKSB"""], """typeRewarding""": """all"""};Факт;Команда;Сверхбонус;EMPLOYEE;CRITERION;INTEGRAL;FACT;PRESET_VALUE;;1;=;[];ПРОМ;1;1;["""KMKKSB"""]
CONTEST_15;СВЕРХБОНУС ТОП - 10%;2023-07-01;4000-01-01;АРХИВНЫЙ;ИНДИВИДУАЛЬНЫЙ;описание;{"""feature""": [], """vid""": """ПРОМ""", """momentRewarding""": """AFTER""", """minNumber""": 1, """capacity""": """""", """accuracy""": 0, """masking""": """N""", """tournamentStartMailing""": """N""", """tournamentEndMailing""": """N""", """tournamentLikeMailing""": """Y""", """tournamentRewardingMailing""": """Y""", """tournamentListMailing""": [], """persomanNumberVisible""": [],  """persomanNumberHidden""": [], """gosbVisible""": [], """gosbHidden""": [], """tbVisible""": [], """tbHidden""": [], """businessBlock""": ["""KMKKSB"""], """typeRewarding""": """all"""};Факт;Команда;Сверхбонус;EMPLOYEE;CRITERION;INTEGRAL;FACT;PRESET_VALUE;;1;=;[];ПРОМ;1;1;["""KMKKSB"""]
CONTEST_16;СВЕРХБОНУС ТОП - 20%;2023-07-01;4000-01-01;АРХИВНЫЙ;ИНДИВИДУАЛЬНЫЙ;описание;{"""feature""": [], """vid""": """ПРОМ""", """momentRewarding""": """AFTER""", """minNumber""": 1, """capacity""": """""", """accuracy""": 0, """masking""": """N""", """tournamentStartMailing""": """N""", """tournamentEndMailing""": """N""", """tournamentLikeMailing""": """Y""", """tournamentRewardingMailing""": """Y""", """tournamentListMailing""": [], """persomanNumberVisible""": [],  """persomanNumberHidden""": [], """gosbVisible""": [], """gosbHidden""": [], """tbVisible""": [], """tbHidden""": [], """businessBlock""": ["""KMKKSB"""], """typeRewarding""": """all"""};Факт;Команда;Сверхбонус;EMPLOYEE;CRITERION;INTEGRAL;FACT;PRESET_VALUE;;1;=;[];ПРОМ;1;1;["""KMKKSB"""]
CONTEST_17;СВЕРХБОНУС ТОП - 20+%;2023-07-01;4000-01-01;АРХИВНЫЙ;ИНДИВИДУАЛЬНЫЙ;описание;{"""feature""": [], """vid""": """ПРОМ""", """momentRewarding""": """AFTER""", """minNumber""": 1, """capacity""": """""", """accuracy""": 0, """masking""": """N""", """tournamentStartMailing""": """N""", """tournamentEndMailing""": """N""", """tournamentLikeMailing""": """Y""", """tournamentRewardingMailing""": """Y""", """tournamentListMailing""": [], """persomanNumberVisible""": [],  """persomanNumberHidden""": [], """gosbVisible""": [], """gosbHidden""": [], """tbVisible""": [], """tbHidden""": [], """businessBlock""": ["""KMKKSB"""], """typeRewarding""": """all"""};Факт;Команда;Сверхбонус;EMPLOYEE;CRITERION;INTEGRAL;FACT;PRESET_VALUE;;1;=;[];ПРОМ;1;1;["""KMKKSB"""]
CONTEST_19;Участник мастерской РКПК 2023;2023-07-01;4000-01-01;АРХИВНЫЙ;ИНДИВИДУАЛЬНЫЙ;описание;{"""feature""": [], """vid""": """ПРОМ""", """momentRewarding""": """DURIN""", """minNumber""": 1, """capacity""": """""", """accuracy""": 0, """masking""": """N""", """tournamentStartMailing""": """N""", """tournamentEndMailing""": """N""", """tournamentLikeMailing""": """Y""", """tournamentRewardingMailing""": """Y""", """tournamentListMailing""": [], """persomanNumberVisible""": [],  """persomanNumberHidden""": [], """gosbVisible""": [], """gosbHidden""": [], """tbVisible""": [], """tbHidden""": [], """businessBlock""": ["""KMKKSB"""], """typeRewarding""": """all"""};Факт;Статусные;Участник мастерской РКПК;EMPLOYEE;CRITERION;INTEGRAL;FACT;PRESET_VALUE;;1;=;[];ПРОМ;1;1;["""KMKKSB"""]
CONTEST_20;Рупии. Максимизируем число новых открытых счетов;2023-07-01;4000-01-01;АКТИВНЫЙ;ТУРНИРНЫЙ;Чтобы стать участником, открой минимум 1 счёт в рупиях за время турнира. \\nПо итогам ТОП-1 КМ с наибольшим числом сделок в каждом ТБ получат свою награду. Удачи!;{"""feature""": [], """vid""": """ПРОМ""", """momentRewarding""": """AFTER""", """minNumber""": 1, """capacity""": """""", """accuracy""": 0, """masking""": """N""", """tournamentStartMailing""": """Y""", """tournamentEndMailing""": """Y""", """tournamentLikeMailing""": """Y""", """tournamentRewardingMailing""": """Y""", """tournamentListMailing""": [], """persomanNumberVisible""": [],  """persomanNumberHidden""": [], """gosbVisible""": [], """gosbHidden""": [], """tbVisible""": [], """tbHidden""": [], """businessBlock""": ["""KMKKSB"""], """typeRewarding""": """all"""};шт.;ВЭД, нац рынки, хедж;Рупии;EMPLOYEE;RATING_MAX;INTEGRAL;FACT;PRESET_VALUE;;0;>;[];ПРОМ;7;1;["""KMKKSB"""]
CONTEST_23;Максимальный полученный доход от продажи продуктов СберЗдоровье;2023-11-01;4000-01-01;АКТИВНЫЙ;ТУРНИРНЫЙ;Турнир проводится среди Менеджеров нефинансового сервиса по продукту СберЗдоровье. Чтобы стать участником турнира, необходимо закрыть, как минимум одну сделку в четвертом квартале. ТОП-3 участников с наибольшими результатами в каждом ТБ станут победителями турнира и получат серебряный бейдж. ТОП-3 менеджера с лучшим результатом по всей стране станут обладателями золотого бейджа!;{"""feature""": [], """vid""": """ПРОМ""", """momentRewarding""": """AFTER""", """minNumber""": 1, """capacity""": """THOUSANDS""", """accuracy""": 2, """masking""": """N""", """tournamentStartMailing""": """N""", """tournamentEndMailing""": """N""", """tournamentLikeMailing""": """Y""", """tournamentRewardingMailing""": """Y""", """tournamentListMailing""": [], """persomanNumberVisible""": [],  """persomanNumberHidden""": [], """gosbVisible""": [], """gosbHidden""": [], """tbVisible""": [], """tbHidden""": [], """businessBlock""": ["""MNS"""], """typeRewarding""": """all"""};Сумма, тыс. руб.;Экосистема;СберЗдоровье;EMPLOYEE;RATING_MAX;INTEGRAL;FACT;PRESET_VALUE;;0;>;[];ПРОМ;10;1;["""MNS"""]
CONTEST_25;Факторинг. Лучший по продажам;2023-11-01;4000-01-01;АКТИВНЫЙ;ТУРНИРНЫЙ;Турнир проводится среди клиентских менеджеров ККСБ. Чтобы стать участником, необходимо заключить минимум одну сделку по факторингу в текущем квартале. ТОП-3 участника с наибольшими числом сделок по всей стране станут победителями турнира и попадут в ленту Сообщества!;{"""feature""": [], """vid""": """ПРОМ""", """momentRewarding""": """AFTER""", """minNumber""": 1, """capacity""": """""", """accuracy""": 0, """masking""": """N""", """tournamentStartMailing""": """Y""", """tournamentEndMailing""": """Y""", """tournamentLikeMailing""": """Y""", """tournamentRewardingMailing""": """Y""", """tournamentListMailing""": [], """persomanNumberVisible""": [],  """persomanNumberHidden""": [], """gosbVisible""": [], """gosbHidden""": [], """tbVisible""": [], """tbHidden""": [], """businessBlock""": ["""KMKKSB"""], """typeRewarding""": """all"""};шт.;Факторинг;Факторинг;EMPLOYEE;RATING_MAX;INTEGRAL;FACT;PRESET_VALUE;;0;>;[];ПРОМ;10;1;["""KMKKSB"""]
CONTEST_26;Факторинг Онлайн. Максимизируй портфель;2023-11-01;4000-01-01;АРХИВНЫЙ;ТУРНИРНЫЙ;Турнир проводится среди клиентских менеджеров ККСБ. Чтобы стать участником, необходимо заключить хотя бы одну сделку по факторингу в онлайн процессе и иметь остаток задолженности по сделкам больше нуля. ТОП-5 участников по сумме портфеля факторинга в онлайн процессе станут победителями турнира!;{"""feature""": [], """vid""": """ПРОМ""", """momentRewarding""": """AFTER""", """minNumber""": 1, """capacity""": """MILLIONS""", """accuracy""": 3, """masking""": """N""", """tournamentStartMailing""": """Y""", """tournamentEndMailing""": """N""", """tournamentLikeMailing""": """Y""", """tournamentRewardingMailing""": """Y""", """tournamentListMailing""": [], """persomanNumberVisible""": [],  """persomanNumberHidden""": [], """gosbVisible""": [], """gosbHidden""": [], """tbVisible""": [], """tbHidden""": [], """businessBlock""": ["""KMKKSB"""], """typeRewarding""": """all"""};Сумма, млн руб.;Факторинг;Факторинг;EMPLOYEE;RATING_MAX;INTEGRAL;FACT;PRESET_VALUE;;0;>;[];ПРОМ;10;1;["""KMKKSB"""]
CONTEST_28;Активы. Максимизируй прирост остатка;2023-07-01;4000-01-01;АРХИВНЫЙ;ТУРНИРНЫЙ;Чтобы стать участником, покажи в текущем месяце положительный прирост остатка активов по своим клиентам. \\nПо итогам месяца выберем лучшие результаты в каждом подразделении. 10% участников с наибольшими результатами в своем ГОСБ (Аппарате ТБ) получат бронзовый бейдж. ТОП-1 участников с лучшими приростами в своих тербанках получат серебряный бейдж. Наконец, золотой бейдж и публикацию про себя в ленте Сообщества получат ТОП-15 участников с лучшими результатами по всей стране. Удачи!;{"""feature""": ["""Данные основаны на оперативных кубах MIS""", """Обновление информации просходит 1 раз в неделю""", """Награда по ГОСБ вручается, если число участников не менее 2х"""], """vid""": """ПРОМ""", """momentRewarding""": """AFTER""", """minNumber""": 2, """capacity""": """MILLIONS""", """accuracy""": 2, """masking""": """N""", """tournamentStartMailing""": """Y""", """tournamentEndMailing""": """Y""", """tournamentLikeMailing""": """Y""", """tournamentRewardingMailing""": """Y""", """tournamentListMailing""": [], """persomanNumberVisible""": [],  """persomanNumberHidden""": [], """gosbVisible""": [], """gosbHidden""": [], """tbVisible""": [], """tbHidden""": [], """businessBlock""": ["""KMKKSB"""], """typeRewarding""": """all"""};Прирост ОСЗ, млн руб.;Кредиты;Кредиты все;EMPLOYEE;RATING_MAX;INTEGRAL;FACT0-FACT1;PRESET_VALUE;;0;>;"[{"""period_code""": 0, """criterion_mark_type""": """>""", """criterion_mark_value""": 0 }, {"""period_code""": 1, """criterion_mark_type""": """>""", """criterion_mark_value""": 0 }]";ПРОМ;7;1;["""KMKKSB"""]
CONTEST_29;Пассивы. Прирост остатка долгосрочных депозитов;2023-07-01;4000-01-01;АРХИВНЫЙ;ТУРНИРНЫЙ;Участвуют клиентские менеджеры, которые за месяц проведения турнира показали положительный прирост остатка депозитов со сроком 31 день и более по своим клиентам. \\nПо итогам месяца в каждом ТБ победят менеджеры, вошедшие в ТОП-5 лучших по результату. А ТОП-10 участников с наибольшими результатами во всей стране получат золотой бейдж и публикацию про себя в ленте Сообщества!;{"""feature""": ["""Данные основаны на оперативных кубах MIS""", """Обновление информации просходит 1 раз в неделю"""], """vid""": """ПРОМ""", """momentRewarding""": """AFTER""", """minNumber""": 2, """capacity""": """MILLIONS""", """accuracy""": 2, """masking""": """N""", """tournamentStartMailing""": """Y""", """tournamentEndMailing""": """Y""", """tournamentLikeMailing""": """Y""", """tournamentRewardingMailing""": """Y""", """tournamentListMailing""": [], """persomanNumberVisible""": [],  """persomanNumberHidden""": [], """gosbVisible""": [], """gosbHidden""": [], """tbVisible""": [], """tbHidden""": [], """businessBlock""": ["""KMKKSB"""], """typeRewarding""": """all"""};Прирост, млн руб.;Пассивы, РКО;Депозиты;EMPLOYEE;RATING_MAX;INTEGRAL;FACT0-FACT1;PRESET_VALUE;;0;>;"[{"""period_code""": 0, """criterion_mark_type""": """>""", """criterion_mark_value""": 0 }, {"""period_code""": 1, """criterion_mark_type""": """>""", """criterion_mark_value""": 0 }]";ПРОМ;1;1;["""KMKKSB"""]
CONTEST_30;Пассивы. Максимизируй прирост остатка;2023-07-01;4000-01-01;АРХИВНЫЙ;ТУРНИРНЫЙ;Участвуют клиентские менеджеры, которые второй месяц подряд (включая месяц проведения турнира) показывают положительный прирост остатка пассивов по своим клиентам. \\nПо итогам месяца в каждом ТБ победят менеджеры, вошедшие в 10% лучших по результату. А ТОП-10 участников с наибольшими результатами во всей стране получат золотой бейдж и публикацию про себя в ленте Сообщества!;{"""feature""": ["""Данные основаны на оперативных кубах MIS""", """Обновление информации просходит 1 раз в неделю""", """Награда по ГОСБ вручается, если число участников не менее 2х"""], """vid""": """ПРОМ""", """momentRewarding""": """AFTER""", """minNumber""": 2, """capacity""": """MILLIONS""", """accuracy""": 2, """masking""": """N""", """tournamentStartMailing""": """Y""", """tournamentEndMailing""": """Y""", """tournamentLikeMailing""": """Y""", """tournamentRewardingMailing""": """Y""", """tournamentListMailing""": [], """persomanNumberVisible""": [],  """persomanNumberHidden""": [], """gosbVisible""": [], """gosbHidden""": [], """tbVisible""": [], """tbHidden""": [], """businessBlock""": ["""KMKKSB"""], """typeRewarding""": """all"""};Прирост, млн руб.;Пассивы, РКО;Пассивы все;EMPLOYEE;RATING_MAX;INTEGRAL;FACT0-FACT1;PRESET_VALUE;;0;>;"[{"""period_code""": 0, """criterion_mark_type""": """>""", """criterion_mark_value""": 0 }, {"""period_code""": 1, """criterion_mark_type""": """>""", """criterion_mark_value""": 0 }]";ПРОМ;1;1;["""KMKKSB"""]
CONTEST_31;Защита 360. Первая продажа;2023-07-01;4000-01-01;АРХИВНЫЙ;ИНДИВИДУАЛЬНЫЙ;описание;{"""feature""": [], """vid""": """ПРОМ""", """momentRewarding""": """DURIN""", """minNumber""": 1, """capacity""": """""", """accuracy""": 0, """masking""": """N""", """tournamentStartMailing""": """N""", """tournamentEndMailing""": """N""", """tournamentLikeMailing""": """Y""", """tournamentRewardingMailing""": """Y""", """tournamentListMailing""": [], """persomanNumberVisible""": [],  """persomanNumberHidden""": [], """gosbVisible""": [], """gosbHidden""": [], """tbVisible""": [], """tbHidden""": [], """businessBlock""": ["""KMKKSB"""], """typeRewarding""": """all"""};Факт;Страхование;Защита 360;EMPLOYEE;CRITERION;INTEGRAL;FACT;PRESET_VALUE;;1;=;[];ПРОМ;7;1;["""KMKKSB"""]
CONTEST_32;Страхование. Рыночные продажи;2023-07-01;4000-01-01;АРХИВНЫЙ;ТУРНИРНЫЙ;Чтобы стать участником, заключи в текущем месяце договор и успей получить комиссию до конца турнира по рыночным продажам продуктов страхового брокера. В турнирную таблицу попадут менеджеры, собравшие 50 тыс. руб. и более. \\nПо итогам месяца 10% участников с лучшими результатами в каждом тербанке получат серебряный бейдж, а ТОП-10 по сумме комиссии клиентских менеджеров станут победителями на уровне всей страны и получат золотую награду!;{"""feature""": ["""Информация обновляется еженедельно на основе отчета страхового брокера""", """Награда по ГОСБ вручается, если число участников не менее 2х"""], """vid""": """ПРОМ""", """momentRewarding""": """AFTER""", """minNumber""": 2, """capacity""": """THOUSANDS""", """accuracy""": 2, """masking""": """N""", """tournamentStartMailing""": """Y""", """tournamentEndMailing""": """Y""", """tournamentLikeMailing""": """Y""", """tournamentRewardingMailing""": """Y""", """tournamentListMailing""": [], """persomanNumberVisible""": [],  """persomanNumberHidden""": [], """gosbVisible""": [], """gosbHidden""": [], """tbVisible""": [], """tbHidden""": [], """businessBlock""": ["""KMKKSB"""], """typeRewarding""": """all"""};Сумма, тыс. руб.;Страхование;Рыночные Продажи;EMPLOYEE;RATING_MAX;INTEGRAL;FACT;PRESET_VALUE;;0;>;[];ПРОМ;7;1;["""KMKKSB"""]
CONTEST_33;Гарантии. Прирост комиссии;2023-07-01;4000-01-01;АРХИВНЫЙ;ТУРНИРНЫЙ;Чтобы стать участником, получи в текущем месяце комиссию по банковским гарантиям больше, чем в предыдущем. \\nПо итогам месяца в каждом ГОСБ менеджер с ТОП-1 приростом получит бронзовый бейдж. А ТОП-15 по приросту во всей стрнане получат золотой бейдж и публикацию про себя в ленте Сообщества!;{"""feature""": ["""Данные основаны на оперативных кубах MIS""", """Награда по ГОСБ вручается, если число участников не менее 2х"""], """vid""": """ПРОМ""", """momentRewarding""": """AFTER""", """minNumber""": 2, """capacity""": """THOUSANDS""", """accuracy""": 2, """masking""": """N""", """tournamentStartMailing""": """Y""", """tournamentEndMailing""": """Y""", """tournamentLikeMailing""": """Y""", """tournamentRewardingMailing""": """Y""", """tournamentListMailing""": [], """persomanNumberVisible""": [],  """persomanNumberHidden""": [], """gosbVisible""": [], """gosbHidden""": [], """tbVisible""": [], """tbHidden""": [], """businessBlock""": ["""KMKKSB"""], """typeRewarding""": """all"""};Сумма, тыс. руб.;Гарантии;Гарантии;EMPLOYEE;RATING_MAX;INTEGRAL;FACT0-FACT1;PRESET_VALUE;;0;>;"[{"""period_code""": 0, """criterion_mark_type""": """>""", """criterion_mark_value""": 0 }, {"""period_code""": 1, """criterion_mark_type""": """>""", """criterion_mark_value""": 0 }]";ПРОМ;7;1;["""KMKKSB"""]
CONTEST_34;ФОТ. Прирост объема перечислений;2023-07-01;4000-01-01;АРХИВНЫЙ;ТУРНИРНЫЙ;Чтобы стать участником, покажи в текущем месяце положительный прирост объема ФОТ по своей клиентской базе. Учитываются новые договоры и расширения по текущим. \\n10% участников с наибольшими результатами в своем ГОСБ (Аппарате ТБ) получат бронзовый бейдж. ТОП-1 участников с лучшими приростами в своих тербанках получат серебряный бейдж. Наконец, золотой бейдж и публикацию про себя в ленте Сообщества получат ТОП-20 участников с лучшими результатами по всей стране. Удачи!;{"""feature""": ["""Данные основаны на оперативных кубах MIS""", """Награда по ГОСБ вручается, если число участников не менее 2х"""], """vid""": """ПРОМ""", """momentRewarding""": """AFTER""", """minNumber""": 2, """capacity""": """MILLIONS""", """accuracy""": 2, """masking""": """N""", """tournamentStartMailing""": """Y""", """tournamentEndMailing""": """Y""", """tournamentLikeMailing""": """Y""", """tournamentRewardingMailing""": """Y""", """tournamentListMailing""": [], """persomanNumberVisible""": [],  """persomanNumberHidden""": [], """gosbVisible""": [], """gosbHidden""": [], """tbVisible""": [], """tbHidden""": [], """businessBlock""": ["""KMKKSB"""], """typeRewarding""": """all"""};Прирост, млн руб.;ФОТ;ФОТ;EMPLOYEE;RATING_MAX;INTEGRAL;RUN_RATE;PRESET_VALUE;;0;>;"[{"""period_code""": 0, """criterion_mark_type""": """>""", """criterion_mark_value""": 0 }, {"""period_code""": 1, """criterion_mark_type""": """>""", """criterion_mark_value""": 0 }]";ПРОМ;7;1;["""KMKKSB"""]
CONTEST_35;ТФиДО. Максимизируй комиссию;2023-07-01;4000-01-01;АРХИВНЫЙ;ТУРНИРНЫЙ;Чтобы стать участником, получи в текущем месяце комиссию по сделкам торгового финансирования. \\nПо итогам месяца ТОП-15 участников по сумме некредитной комиссии станут победителями на уровне всей страны и получат золотую награду!;{"""feature""": ["""Данные основаны на оперативных кубах MIS"""], """vid""": """ПРОМ""", """momentRewarding""": """AFTER""", """minNumber""": 2, """capacity""": """MILLIONS""", """accuracy""": 2, """masking""": """N""", """tournamentStartMailing""": """Y""", """tournamentEndMailing""": """Y""", """tournamentLikeMailing""": """Y""", """tournamentRewardingMailing""": """Y""", """tournamentListMailing""": [], """persomanNumberVisible""": [],  """persomanNumberHidden""": [], """gosbVisible""": [], """gosbHidden""": [], """tbVisible""": [], """tbHidden""": [], """businessBlock""": ["""KMKKSB"""], """typeRewarding""": """all"""};Сумма, млн руб.;ТФиДО;ТФиДО;EMPLOYEE;RATING_MAX;INTEGRAL;FACT;PRESET_VALUE;;0;>;[];ПРОМ;7;1;["""KMKKSB"""]
CONTEST_36;Лизинг. Максимизируй сумму договоров;2023-07-01;4000-01-01;АКТИВНЫЙ;ТУРНИРНЫЙ;Участвуют все, у кого в текущем квартале заключена лизинговая сделка. ТОП-15 участников с наибольшим объемом лизиновых сделок по сумме нового бизнеса по договорам купли-продажи станут победителями турнира. Они получат золотой бейдж и публикацию в ленте Сообщества;{"""feature""": ["""Обновление информации просходит 1 раз в неделю"""], """vid""": """ПРОМ""", """momentRewarding""": """AFTER""", """minNumber""": 0, """capacity""": """MILLIONS""", """accuracy""": 3, """masking""": """N""", """tournamentStartMailing""": """Y""", """tournamentEndMailing""": """N""", """tournamentLikeMailing""": """Y""", """tournamentRewardingMailing""": """Y""", """tournamentListMailing""": [], """persomanNumberVisible""": [],  """persomanNumberHidden""": [], """gosbVisible""": [], """gosbHidden""": [], """tbVisible""": [], """tbHidden""": [], """businessBlock""": ["""KMKKSB"""], """typeRewarding""": """all"""};Сумма, млн руб.;Лизинг;Лизинг;EMPLOYEE;RATING_MAX;INTEGRAL;FACT;PRESET_VALUE;;0;>;[];ПРОМ;7;1;["""KMKKSB"""]
CONTEST_37;Лизинг. Максимизируй число клиентов;2023-07-01;4000-01-01;АКТИВНЫЙ;ТУРНИРНЫЙ;Участвуют все, у кого в текущем квартале заключена лизинговая сделка. Награду в турнире получат ТОП-3 менеджера с наибольшим количеством клиентов с заключенными лизинговыми сделками.;{"""feature""": ["""Обновление информации просходит 1 раз в неделю""", """Число заключенных сделок должно быть более 1"""], """vid""": """ПРОМ""", """momentRewarding""": """AFTER""", """minNumber""": 1, """capacity""": """""", """accuracy""": 0, """masking""": """N""", """tournamentStartMailing""": """Y""", """tournamentEndMailing""": """N""", """tournamentLikeMailing""": """Y""", """tournamentRewardingMailing""": """Y""", """tournamentListMailing""": [], """persomanNumberVisible""": [],  """persomanNumberHidden""": [], """gosbVisible""": [], """gosbHidden""": [], """tbVisible""": [], """tbHidden""": [], """businessBlock""": ["""KMKKSB"""], """typeRewarding""": """all"""};шт.;Лизинг;Лизинг;EMPLOYEE;RATING_MAX;INTEGRAL;FACT;PRESET_VALUE;;0;>;[];ПРОМ;7;1;["""KMKKSB"""]
CONTEST_38;Интернализация. Повышаем уровень;2023-07-01;4000-01-01;АРХИВНЫЙ;ТУРНИРНЫЙ;Чтобы стать участником, покажи в текущем месяце положительный прирост коэффициента интернализации. \\nПо итогам месяца награду будем вручать 10% лучшим на уровне ГОСБ, а также ТОП-3 КМ с наибольшим приростом на уровне ТБ и в целом по стране. Удачи!;{"""feature""": ["""Данные основаны на дешборде динамика интернализации в Qlik Sense""", """Награда по ГОСБ вручается, если число участников не менее 2х"""], """vid""": """ПРОМ""", """momentRewarding""": """AFTER""", """minNumber""": 2, """capacity""": """""", """accuracy""": 2, """masking""": """N""", """tournamentStartMailing""": """Y""", """tournamentEndMailing""": """Y""", """tournamentLikeMailing""": """Y""", """tournamentRewardingMailing""": """Y""", """tournamentListMailing""": [], """persomanNumberVisible""": [],  """persomanNumberHidden""": [], """gosbVisible""": [], """gosbHidden""": [], """tbVisible""": [], """tbHidden""": [], """businessBlock""": ["""KMKKSB"""], """typeRewarding""": """all"""};%;Пассивы, РКО;Интернализация;EMPLOYEE;RATING_MAX;RELATION;FACT0-FACT1;PRESET_VALUE;;0;>;"[{"""period_code""": 0, """criterion_mark_type""": """>""", """criterion_mark_value""": 0 }, {"""period_code""": 1, """criterion_mark_type""": """>""", """criterion_mark_value""": 0 }]";ПРОМ;7;1;["""KMKKSB"""]
CONTEST_39_01;CAPMAN 1 клиент;2023-07-01;4000-01-01;АРХИВНЫЙ;ИНДИВИДУАЛЬНЫЙ НАКОПИТЕЛЬНЫЙ;сделай сделки с 1 клиентом;{"""feature""": [], """vid""": """ПРОМ""", """momentRewarding""": """DURIN""", """minNumber""": 1, """capacity""": """""", """accuracy""": 2, """masking""": """N""", """tournamentStartMailing""": """N""", """tournamentEndMailing""": """N""", """tournamentLikeMailing""": """Y""", """tournamentRewardingMailing""": """Y""", """tournamentListMailing""": [], """persomanNumberVisible""": [],  """persomanNumberHidden""": [], """gosbVisible""": [], """gosbHidden""": [], """tbVisible""": [], """tbHidden""": [], """businessBlock""": ["""KMKKSB"""], """typeRewarding""": """all"""};шт.;ДГР кредитные продукты;Хедж кредитов;EMPLOYEE;CRITERION;INTEGRAL;FACT;PRESET_VALUE;;1;>=;[];ПРОМ;7;1;["""KMKKSB"""]
CONTEST_39_02;CAPMAN 3 клиента;2023-07-01;4000-01-01;АРХИВНЫЙ;ИНДИВИДУАЛЬНЫЙ НАКОПИТЕЛЬНЫЙ;сделай сделки с 3 клиентами;{"""feature""": [], """vid""": """ПРОМ""", """momentRewarding""": """DURIN""", """minNumber""": 1, """capacity""": """""", """accuracy""": 2, """masking""": """N""", """tournamentStartMailing""": """N""", """tournamentEndMailing""": """N""", """tournamentLikeMailing""": """Y""", """tournamentRewardingMailing""": """Y""", """tournamentListMailing""": [], """persomanNumberVisible""": [],  """persomanNumberHidden""": [], """gosbVisible""": [], """gosbHidden""": [], """tbVisible""": [], """tbHidden""": [], """businessBlock""": ["""KMKKSB"""], """typeRewarding""": """all"""};шт.;ДГР кредитные продукты;Хедж кредитов;EMPLOYEE;CRITERION;INTEGRAL;FACT;PRESET_VALUE;;3;>=;[];ПРОМ;7;1;["""KMKKSB"""]
CONTEST_39_03;CAPMAN 10 клиентов;2023-07-01;4000-01-01;АРХИВНЫЙ;ИНДИВИДУАЛЬНЫЙ НАКОПИТЕЛЬНЫЙ;сделай сделки с 10 клиентами;{"""feature""": [], """vid""": """ПРОМ""", """momentRewarding""": """DURIN""", """minNumber""": 1, """capacity""": """""", """accuracy""": 2, """masking""": """N""", """tournamentStartMailing""": """N""", """tournamentEndMailing""": """N""", """tournamentLikeMailing""": """Y""", """tournamentRewardingMailing""": """Y""", """tournamentListMailing""": [], """persomanNumberVisible""": [],  """persomanNumberHidden""": [], """gosbVisible""": [], """gosbHidden""": [], """tbVisible""": [], """tbHidden""": [], """businessBlock""": ["""KMKKSB"""], """typeRewarding""": """all"""};шт.;ДГР кредитные продукты;Хедж кредитов;EMPLOYEE;CRITERION;INTEGRAL;FACT;PRESET_VALUE;;10;>=;[];ПРОМ;7;1;["""KMKKSB"""]
CONTEST_40;Турнир по Мастер Интернализации;2023-07-01;4000-01-01;АРХИВНЫЙ;ТУРНИРНЫЙ;описание;{"""feature""": [], """vid""": """ПРОМ""", """momentRewarding""": """AFTER""", """minNumber""": 2, """capacity""": """""", """accuracy""": 0, """masking""": """N""", """tournamentStartMailing""": """N""", """tournamentEndMailing""": """N""", """tournamentLikeMailing""": """Y""", """tournamentRewardingMailing""": """Y""", """tournamentListMailing""": [], """persomanNumberVisible""": ["""01340230""", """01728325""", """00343653""", """91500718"""],  """persomanNumberHidden""": [], """gosbVisible""": [], """gosbHidden""": [], """tbVisible""": [], """tbHidden""": [], """businessBlock""": ["""KMKKSB"""], """typeRewarding""": """all"""};шт.;Пассивы, РКО;Интернализация;EMPLOYEE;RATING_MAX;INTEGRAL;FACT;PRESET_VALUE;;0;>;[];ПРОМ;7;1;["""KMKKSB"""]
CONTEST_41;Кредитные продукты. Наращиваем сделки в ЦКП;2023-07-01;4000-01-01;АКТИВНЫЙ;ТУРНИРНЫЙ;Чтобы стать участником, заключи минимум 2 сделки в цифровом кредитном процессе. \\nПо итогам турнира награду получат ТОП-1 КМ с наибольшим числом сделок в каждом ТБ. Удачи!;{"""feature""": ["""Учитываются реализованные сделки, инициированные клиентским менеджером""", """Не учитывается продажи, оформленные клиентом в СББОЛ самостоятельно"""], """vid""": """ПРОМ""", """momentRewarding""": """AFTER""", """minNumber""": 2, """capacity""": """""", """accuracy""": 0, """masking""": """N""", """tournamentStartMailing""": """Y""", """tournamentEndMailing""": """Y""", """tournamentLikeMailing""": """Y""", """tournamentRewardingMailing""": """Y""", """tournamentListMailing""": [], """persomanNumberVisible""": [],  """persomanNumberHidden""": [], """gosbVisible""": [], """gosbHidden""": [], """tbVisible""": [], """tbHidden""": [], """businessBlock""": ["""KMKKSB"""], """typeRewarding""": """all"""};шт.;Кредиты;ЦКП;EMPLOYEE;RATING_MAX;INTEGRAL;FACT;PRESET_VALUE;;0;>;[];ПРОМ;7;1;["""KMKKSB"""]
CONTEST_42;Первая сделка в ЦКП;2023-07-01;4000-01-01;АРХИВНЫЙ;ИНДИВИДУАЛЬНЫЙ;описание;{"""feature""": [], """vid""": """ПРОМ""", """momentRewarding""": """DURIN""", """minNumber""": 1, """capacity""": """""", """accuracy""": 0, """masking""": """N""", """tournamentStartMailing""": """N""", """tournamentEndMailing""": """N""", """tournamentLikeMailing""": """Y""", """tournamentRewardingMailing""": """Y""", """tournamentListMailing""": [], """persomanNumberVisible""": [],  """persomanNumberHidden""": [], """gosbVisible""": [], """gosbHidden""": [], """tbVisible""": [], """tbHidden""": [], """businessBlock""": ["""KMKKSB"""], """typeRewarding""": """all"""};шт.;Кредиты;ЦКП;EMPLOYEE;CRITERION;INTEGRAL;FACT;PRESET_VALUE;;1;=;[];ПРОМ;7;1;["""KMKKSB"""]
CONTEST_43;Лизинговый миллардер;2023-07-01;4000-01-01;АКТИВНЫЙ;ИНДИВИДУАЛЬНЫЙ НАКОПИТЕЛЬНЫЙ;описание;{"""feature""": [], """vid""": """ПРОМ""", """momentRewarding""": """DURIN""", """minNumber""": 1, """capacity""": """MILLIONS""", """accuracy""": 2, """masking""": """N""", """tournamentStartMailing""": """N""", """tournamentEndMailing""": """N""", """tournamentLikeMailing""": """Y""", """tournamentRewardingMailing""": """Y""", """tournamentListMailing""": [], """persomanNumberVisible""": [],  """persomanNumberHidden""": [], """gosbVisible""": [], """gosbHidden""": [], """tbVisible""": [], """tbHidden""": [], """businessBlock""": ["""KMKKSB"""], """typeRewarding""": """all"""};млн руб.;Лизинг;Лизинг;EMPLOYEE;CRITERION;INTEGRAL;FACT;PRESET_VALUE;;1000000000;>=;[];ПРОМ;7;1;["""KMKKSB"""]
CONTEST_44;Страхование. Продукты ESG ;2023-07-01;4000-01-01;АКТИВНЫЙ;ТУРНИРНЫЙ;Чтобы стать участником, заключи в период турнира договор по продуктам ESG страхового брокера и успей получить комиссию до конца турнира. В турнире участвуют клиентские менеджеры, собравшие 50 тыс. руб. и более. \\nПо итогам  15% участников с наибольшей суммой комиссии в каждом тербанке получат серебряный бейдж, а ТОП-3 по стране станут обладателями золотой награды!;{"""feature""": ["""Информация обновляется еженедельно на основе отчета блока страхового брокера"""], """vid""": """ПРОМ""", """momentRewarding""": """AFTER""", """minNumber""": 2, """capacity""": """THOUSANDS""", """accuracy""": 2, """masking""": """N""", """tournamentStartMailing""": """Y""", """tournamentEndMailing""": """N""", """tournamentLikeMailing""": """Y""", """tournamentRewardingMailing""": """Y""", """tournamentListMailing""": [], """persomanNumberVisible""": [],  """persomanNumberHidden""": [], """gosbVisible""": [], """gosbHidden""": [], """tbVisible""": [], """tbHidden""": [], """businessBlock""": ["""KMKKSB"""], """typeRewarding""": """all"""};Сумма, тыс. руб.;Страхование;ESG;EMPLOYEE;RATING_MAX;INTEGRAL;FACT;PRESET_VALUE;;0;>;[];ПРОМ;7;1;["""KMKKSB"""]
CONTEST_45;Страхование. Продукты ДМС;2023-07-01;4000-01-01;АКТИВНЫЙ;ТУРНИРНЫЙ;Чтобы стать участником, заключи в период турнира договор по продуктам ДМС страхового брокера и успей получить комиссию до конца турнира. В турнире участвуют клиентские менеджеры, собравшие 50 тыс. руб. и более. \\nПо итогам участнику с наибольшей суммой комиссии в каждом ГОСБ вручим бронзовую награду, 10% клиентских менеджера в каждом тербанке получат серебряный бейдж, а ТОП-3 по стране станут обладателями золотой награды!;{"""feature""": ["""Информация обновляется еженедельно на основе отчета страхового брокера""", """Награда по ГОСБ вручается, при числе участников не менее 2х"""], """vid""": """ПРОМ""", """momentRewarding""": """AFTER""", """minNumber""": 2, """capacity""": """THOUSANDS""", """accuracy""": 2, """masking""": """N""", """tournamentStartMailing""": """Y""", """tournamentEndMailing""": """N""", """tournamentLikeMailing""": """Y""", """tournamentRewardingMailing""": """Y""", """tournamentListMailing""": [], """persomanNumberVisible""": [],  """persomanNumberHidden""": [], """gosbVisible""": [], """gosbHidden""": [], """tbVisible""": [], """tbHidden""": [], """businessBlock""": ["""KMKKSB"""], """typeRewarding""": """all"""};Сумма, тыс. руб.;Страхование;ДМС;EMPLOYEE;RATING_MAX;INTEGRAL;FACT;PRESET_VALUE;;0;>;[];ПРОМ;7;1;["""KMKKSB"""]
CONTEST_46;Страхование. Продукты СМР;2023-07-01;4000-01-01;АКТИВНЫЙ;ТУРНИРНЫЙ;Чтобы стать участником, заключи в период турнира договор по продуктам СМР страхового брокера и успей получить комиссию до конца турнира. В турнире участвуют клиентские менеджеры, собравшие 50 тыс. руб. и более. \\nПо итогам 15% участников с наибольшей суммой комиссии в каждом тербанке получат серебряный бейдж, а ТОП-3 по стране станут обладателями золотой награды!;{"""feature""": ["""Информация обновляется еженедельно на основе отчета страхового брокера"""], """vid""": """ПРОМ""", """momentRewarding""": """AFTER""", """minNumber""": 2, """capacity""": """THOUSANDS""", """accuracy""": 2, """masking""": """N""", """tournamentStartMailing""": """Y""", """tournamentEndMailing""": """Y""", """tournamentLikeMailing""": """Y""", """tournamentRewardingMailing""": """Y""", """tournamentListMailing""": [], """persomanNumberVisible""": [],  """persomanNumberHidden""": [], """gosbVisible""": [], """gosbHidden""": [], """tbVisible""": [], """tbHidden""": [], """businessBlock""": ["""KMKKSB"""], """typeRewarding""": """all"""};Сумма, тыс. руб.;Страхование;СМР;EMPLOYEE;RATING_MAX;INTEGRAL;FACT;PRESET_VALUE;;0;>;[];ПРОМ;7;1;["""KMKKSB"""]
CONTEST_47;Защита 360. 2 сделки;2023-07-01;4000-01-01;АРХИВНЫЙ;ИНДИВИДУАЛЬНЫЙ НАКОПИТЕЛЬНЫЙ;описание;{"""feature""": [], """vid""": """ПРОМ""", """momentRewarding""": """DURIN""", """minNumber""": 1, """capacity""": """""", """accuracy""": 0, """masking""": """N""", """tournamentStartMailing""": """N""", """tournamentEndMailing""": """N""", """tournamentLikeMailing""": """Y""", """tournamentRewardingMailing""": """Y""", """tournamentListMailing""": [], """persomanNumberVisible""": [],  """persomanNumberHidden""": [], """gosbVisible""": [], """gosbHidden""": [], """tbVisible""": [], """tbHidden""": [], """businessBlock""": ["""KMKKSB"""], """typeRewarding""": """all"""};шт.;Страхование;Защита 360;EMPLOYEE;CRITERION;INTEGRAL;FACT;PRESET_VALUE;;2;>=;[];ПРОМ;7;1;["""KMKKSB"""]
CONTEST_50;Отраслевой эксперт;2023-07-01;4000-01-01;АКТИВНЫЙ;ИНДИВИДУАЛЬНЫЙ;описание;{"""feature""": [], """vid""": """ПРОМ""", """momentRewarding""": """DURIN""", """minNumber""": 1, """capacity""": """""", """accuracy""": 0, """masking""": """N""", """tournamentStartMailing""": """N""", """tournamentEndMailing""": """N""", """tournamentLikeMailing""": """Y""", """tournamentRewardingMailing""": """N""", """tournamentListMailing""": [], """persomanNumberVisible""": [],  """persomanNumberHidden""": [], """gosbVisible""": [], """gosbHidden""": [], """tbVisible""": [], """tbHidden""": [], """businessBlock""": ["""KMKKSB"""], """typeRewarding""": """all"""};шт.;Системные;Метки;EMPLOYEE;CRITERION;INTEGRAL;FACT;PRESET_VALUE;;1;=;[];ПРОМ;1;1;["""KMKKSB"""]
CONTEST_51;Эксперт по развитию бизнеса;2023-07-01;4000-01-01;АКТИВНЫЙ;ИНДИВИДУАЛЬНЫЙ;Метку можно получить по результатам сертификации, успешно подтвердив первый и второй уровни экспертизы (отраслевая экспертиза и цифровая трансформация, а также финансовый анализ и кредитование, продукты ДИД).;{"""feature""": [], """vid""": """ПРОМ""", """momentRewarding""": """DURIN""", """minNumber""": 1, """capacity""": """""", """accuracy""": 0, """masking""": """N""", """tournamentStartMailing""": """N""", """tournamentEndMailing""": """N""", """tournamentLikeMailing""": """Y""", """tournamentRewardingMailing""": """N""", """tournamentListMailing""": [], """persomanNumberVisible""": [],  """persomanNumberHidden""": [], """gosbVisible""": [], """gosbHidden""": [], """tbVisible""": [], """tbHidden""": [], """businessBlock""": ["""KMKKSB"""], """typeRewarding""": """all"""};шт.;Системные;Метки;EMPLOYEE;CRITERION;INTEGRAL;FACT;PRESET_VALUE;;1;=;[];ПРОМ;1;1;["""KMKKSB"""]
CONTEST_52;Я-Наставник;2023-07-01;4000-01-01;АКТИВНЫЙ;ИНДИВИДУАЛЬНЫЙ;Участники проекта «Я-Наставник» помогают клиентским менеджерам - новичкам в сегменте ККСБ адаптироваться и выйти на эффективность в своей роли.;{"""feature""": [], """vid""": """ПРОМ""", """momentRewarding""": """DURIN""", """minNumber""": 1, """capacity""": """""", """accuracy""": 0, """masking""": """N""", """tournamentStartMailing""": """N""", """tournamentEndMailing""": """N""", """tournamentLikeMailing""": """Y""", """tournamentRewardingMailing""": """N""", """tournamentListMailing""": [], """persomanNumberVisible""": [],  """persomanNumberHidden""": [], """gosbVisible""": [], """gosbHidden""": [], """tbVisible""": [], """tbHidden""": [], """businessBlock""": ["""KMKKSB"""], """typeRewarding""": """all"""};шт.;Системные;Метки;EMPLOYEE;CRITERION;INTEGRAL;FACT;PRESET_VALUE;;1;=;[];ПРОМ;1;1;["""KMKKSB"""]
CONTEST_55;AI-community;2023-07-01;4000-01-01;АКТИВНЫЙ;ИНДИВИДУАЛЬНЫЙ;Участники AI-community – сотрудники, активно участвующие в инициативах, связанных с искусственным интеллектом.;{"""feature""": [], """vid""": """ПРОМ""", """momentRewarding""": """DURIN""", """minNumber""": 1, """capacity""": """""", """accuracy""": 0, """masking""": """N""", """tournamentStartMailing""": """N""", """tournamentEndMailing""": """N""", """tournamentLikeMailing""": """Y""", """tournamentRewardingMailing""": """N""", """tournamentListMailing""": [], """persomanNumberVisible""": [],  """persomanNumberHidden""": [], """gosbVisible""": [], """gosbHidden""": [], """tbVisible""": [], """tbHidden""": [], """businessBlock""": ["""KMKKSB"""], """typeRewarding""": """all"""};шт.;Системные;Метки;EMPLOYEE;CRITERION;INTEGRAL;FACT;PRESET_VALUE;;1;=;[];ПРОМ;1;1;["""KMKKSB"""]
CONTEST_62;Финалист конкурса лучший по профессии;2023-07-01;4000-01-01;АРХИВНЫЙ;ИНДИВИДУАЛЬНЫЙ;Стань финалистом конкурса лучший по профессии 2024 года;{"""feature""": [], """vid""": """ПРОМ""", """momentRewarding""": """DURIN""", """minNumber""": 1, """capacity""": """""", """accuracy""": 0, """masking""": """N""", """tournamentStartMailing""": """N""", """tournamentEndMailing""": """N""", """tournamentLikeMailing""": """Y""", """tournamentRewardingMailing""": """Y""", """tournamentListMailing""": [], """persomanNumberVisible""": [],  """persomanNumberHidden""": [], """gosbVisible""": [], """gosbHidden""": [], """tbVisible""": [], """tbHidden""": [], """businessBlock""": ["""KMKKSB"""], """typeRewarding""": """all"""};Факт;Статусные;ЛПП;EMPLOYEE;CRITERION;INTEGRAL;FACT;PRESET_VALUE;;1;=;[];ПРОМ;7;1;["""KMKKSB"""]
CONTEST_63;Призер конкурса лучший по профессии;2023-07-01;4000-01-01;АРХИВНЫЙ;ИНДИВИДУАЛЬНЫЙ;Стань призером конкурса лучший по профессии 2024 года;{"""feature""": [], """vid""": """ПРОМ""", """momentRewarding""": """DURIN""", """minNumber""": 1, """capacity""": """""", """accuracy""": 0, """masking""": """N""", """tournamentStartMailing""": """N""", """tournamentEndMailing""": """N""", """tournamentLikeMailing""": """Y""", """tournamentRewardingMailing""": """Y""", """tournamentListMailing""": [], """persomanNumberVisible""": [],  """persomanNumberHidden""": [], """gosbVisible""": [], """gosbHidden""": [], """tbVisible""": [], """tbHidden""": [], """businessBlock""": ["""KMKKSB"""], """typeRewarding""": """all"""};Факт;Статусные;ЛПП;EMPLOYEE;CRITERION;INTEGRAL;FACT;PRESET_VALUE;;1;=;[];ПРОМ;7;1;["""KMKKSB"""]
CONTEST_64;Победитель конкурса лучший по профессии;2023-07-01;4000-01-01;АРХИВНЫЙ;ИНДИВИДУАЛЬНЫЙ;Победи в конкурсе лучший по профессии 2024 года;{"""feature""": [], """vid""": """ПРОМ""", """momentRewarding""": """DURIN""", """minNumber""": 1, """capacity""": """""", """accuracy""": 0, """masking""": """N""", """tournamentStartMailing""": """N""", """tournamentEndMailing""": """N""", """tournamentLikeMailing""": """Y""", """tournamentRewardingMailing""": """Y""", """tournamentListMailing""": [], """persomanNumberVisible""": [],  """persomanNumberHidden""": [], """gosbVisible""": [], """gosbHidden""": [], """tbVisible""": [], """tbHidden""": [], """businessBlock""": ["""KMKKSB"""], """typeRewarding""": """all"""};Факт;Статусные;ЛПП;EMPLOYEE;CRITERION;INTEGRAL;FACT;PRESET_VALUE;;1;=;[];ПРОМ;7;1;["""KMKKSB"""]
CONTEST_65;Лига Чемпионов 1ПГ 2024;2023-07-01;4000-01-01;АРХИВНЫЙ;ИНДИВИДУАЛЬНЫЙ;описание;{"""feature""": [], """vid""": """ПРОМ""", """momentRewarding""": """AFTER""", """minNumber""": 1, """capacity""": """""", """accuracy""": 0, """masking""": """N""", """tournamentStartMailing""": """N""", """tournamentEndMailing""": """N""", """tournamentLikeMailing""": """Y""", """tournamentRewardingMailing""": """Y""", """tournamentListMailing""": [], """persomanNumberVisible""": [],  """persomanNumberHidden""": [], """gosbVisible""": [], """gosbHidden""": [], """tbVisible""": [], """tbHidden""": [], """businessBlock""": ["""KMKKSB"""], """typeRewarding""": """all"""};Факт;Команда;Лига;EMPLOYEE;CRITERION;INTEGRAL;FACT;PRESET_VALUE;;1;=;[];ПРОМ;7;0;["""KMKKSB"""]
CONTEST_66;Лига Чемпионов 2ПГ 2024;2023-07-01;4000-01-01;АРХИВНЫЙ;ИНДИВИДУАЛЬНЫЙ;описание;{"""feature""": [], """vid""": """ПРОМ""", """momentRewarding""": """AFTER""", """minNumber""": 1, """capacity""": """""", """accuracy""": 0, """masking""": """N""", """tournamentStartMailing""": """N""", """tournamentEndMailing""": """N""", """tournamentLikeMailing""": """Y""", """tournamentRewardingMailing""": """Y""", """tournamentListMailing""": [], """persomanNumberVisible""": [],  """persomanNumberHidden""": [], """gosbVisible""": [], """gosbHidden""": [], """tbVisible""": [], """tbHidden""": [], """businessBlock""": ["""KMKKSB"""], """typeRewarding""": """all"""};Факт;Команда;Лига;EMPLOYEE;CRITERION;INTEGRAL;FACT;PRESET_VALUE;;1;=;[];ПРОМ;7;1;["""KMKKSB"""]
CONTEST_67;Суперкубок 2024;2023-01-01;4000-01-01;АРХИВНЫЙ;ИНДИВИДУАЛЬНЫЙ;описание;{"""feature""": [], """vid""": """ПРОМ""", """momentRewarding""": """AFTER""", """minNumber""": 1, """capacity""": """""", """accuracy""": 0, """masking""": """N""", """tournamentStartMailing""": """N""", """tournamentEndMailing""": """N""", """tournamentLikeMailing""": """Y""", """tournamentRewardingMailing""": """Y""", """tournamentListMailing""": [], """persomanNumberVisible""": [],  """persomanNumberHidden""": [], """gosbVisible""": [], """gosbHidden""": [], """tbVisible""": [], """tbHidden""": [], """businessBlock""": ["""KMKKSB"""], """typeRewarding""": """all"""};Факт;Команда;Лига;EMPLOYEE;CRITERION;INTEGRAL;FACT;PRESET_VALUE;;1;=;[];ПРОМ;7;1;["""KMKKSB"""]
CONTEST_68;Новый год с ККСБ 2025;2023-07-01;4000-01-01;АРХИВНЫЙ;ИНДИВИДУАЛЬНЫЙ;описание;{"""feature""": [], """vid""": """ПРОМ""", """momentRewarding""": """AFTER""", """minNumber""": 1, """capacity""": """""", """accuracy""": 0, """masking""": """N""", """tournamentStartMailing""": """N""", """tournamentEndMailing""": """N""", """tournamentLikeMailing""": """Y""", """tournamentRewardingMailing""": """Y""", """tournamentListMailing""": [], """persomanNumberVisible""": [],  """persomanNumberHidden""": [], """gosbVisible""": [], """gosbHidden""": [], """tbVisible""": [], """tbHidden""": [], """businessBlock""": ["""KMKKSB"""], """typeRewarding""": """all"""};Факт;Статусные;Новый год;EMPLOYEE;CRITERION;INTEGRAL;FACT;PRESET_VALUE;;1;=;[];ПРОМ;7;1;["""KMKKSB"""]
CONTEST_69;Герой продаж 2024;2023-01-01;4000-01-01;АРХИВНЫЙ;ИНДИВИДУАЛЬНЫЙ;описание;{"""feature""": [], """vid""": """ПРОМ""", """momentRewarding""": """AFTER""", """minNumber""": 1, """capacity""": """""", """accuracy""": 0, """masking""": """N""", """tournamentStartMailing""": """N""", """tournamentEndMailing""": """N""", """tournamentLikeMailing""": """Y""", """tournamentRewardingMailing""": """Y""", """tournamentListMailing""": [], """persomanNumberVisible""": [],  """persomanNumberHidden""": [], """gosbVisible""": [], """gosbHidden""": [], """tbVisible""": [], """tbHidden""": [], """businessBlock""": ["""KMKKSB"""], """typeRewarding""": """all"""};Факт;Статусные;Герой продаж;EMPLOYEE;CRITERION;INTEGRAL;FACT;PRESET_VALUE;;1;=;[];ПРОМ;7;1;["""KMKKSB"""]
CONTEST_91;на 1 сентября 2025;2023-01-01;4000-01-01;АКТИВНЫЙ;ТУРНИРНЫЙ;описание;{"""feature""": [], """vid""": """ПРОМ""", """momentRewarding""": """AFTER""", """minNumber""": 1, """capacity""": """""", """accuracy""": 0, """masking""": """N""", """tournamentStartMailing""": """N""", """tournamentEndMailing""": """N""", """tournamentLikeMailing""": """Y""", """tournamentRewardingMailing""": """N""", """tournamentListMailing""": [], """persomanNumberVisible""": ["""88888888"""],  """persomanNumberHidden""": [], """gosbVisible""": [], """gosbHidden""": [], """tbVisible""": [], """tbHidden""": [], """businessBlock""": ["""KMKKSB"""], """typeRewarding""": """all"""};Факт;Системные;Эффективность КМ;EMPLOYEE;RATING_MAX;INTEGRAL;FACT;PRESET_VALUE;;0;>;[];ПРОМ;7;1;["""KMKKSB"""]
CONTEST_92;Прирост ОД за 7 месяцев 2025 к АППГ;2023-01-01;4000-01-01;АКТИВНЫЙ;ТУРНИРНЫЙ;описание;{"""feature""": [], """vid""": """ПРОМ""", """momentRewarding""": """AFTER""", """minNumber""": 1, """capacity""": """""", """accuracy""": 0, """masking""": """N""", """tournamentStartMailing""": """N""", """tournamentEndMailing""": """N""", """tournamentLikeMailing""": """Y""", """tournamentRewardingMailing""": """N""", """tournamentListMailing""": [], """persomanNumberVisible""": ["""88888888"""],  """persomanNumberHidden""": [], """gosbVisible""": [], """gosbHidden""": [], """tbVisible""": [], """tbHidden""": [], """businessBlock""": ["""KMKKSB"""], """typeRewarding""": """all"""};Факт;Системные;Эффективность КМ;EMPLOYEE;RATING_MAX;INTEGRAL;FACT;PRESET_VALUE;;0;>;[];ПРОМ;7;1;["""KMKKSB"""]
CONTEST_93;Рейтинг ОД в ТБ;2023-01-01;4000-01-01;АКТИВНЫЙ;ТУРНИРНЫЙ;описание;{"""feature""": [], """vid""": """ПРОМ""", """momentRewarding""": """AFTER""", """minNumber""": 1, """capacity""": """""", """accuracy""": 0, """masking""": """N""", """tournamentStartMailing""": """N""", """tournamentEndMailing""": """N""", """tournamentLikeMailing""": """Y""", """tournamentRewardingMailing""": """N""", """tournamentListMailing""": [], """persomanNumberVisible""": ["""88888888"""],  """persomanNumberHidden""": [], """gosbVisible""": [], """gosbHidden""": [], """tbVisible""": [], """tbHidden""": [], """businessBlock""": ["""KMKKSB"""], """typeRewarding""": """all"""};Факт;Системные;Эффективность КМ;EMPLOYEE;RATING_MAX;INTEGRAL;FACT;PRESET_VALUE;;0;>;[];ПРОМ;7;1;["""KMKKSB"""]
CONTEST_94;Рейтинг ОД в стране;2023-01-01;4000-01-01;АКТИВНЫЙ;ТУРНИРНЫЙ;описание;{"""feature""": [], """vid""": """ПРОМ""", """momentRewarding""": """AFTER""", """minNumber""": 1, """capacity""": """""", """accuracy""": 0, """masking""": """N""", """tournamentStartMailing""": """N""", """tournamentEndMailing""": """N""", """tournamentLikeMailing""": """Y""", """tournamentRewardingMailing""": """N""", """tournamentListMailing""": [], """persomanNumberVisible""": ["""88888888"""],  """persomanNumberHidden""": [], """gosbVisible""": [], """gosbHidden""": [], """tbVisible""": [], """tbHidden""": [], """businessBlock""": ["""KMKKSB"""], """typeRewarding""": """all"""};Факт;Системные;Эффективность КМ;EMPLOYEE;RATING_MAX;INTEGRAL;FACT;PRESET_VALUE;;0;>;[];ПРОМ;7;1;["""KMKKSB"""]
CONTEST_95;Темп роста ОД за 7 месяцев 2025 к АППГ;2023-01-01;4000-01-01;АКТИВНЫЙ;ТУРНИРНЫЙ;описание;{"""feature""": [], """vid""": """ПРОМ""", """momentRewarding""": """AFTER""", """minNumber""": 1, """capacity""": """""", """accuracy""": 0, """masking""": """N""", """tournamentStartMailing""": """N""", """tournamentEndMailing""": """N""", """tournamentLikeMailing""": """Y""", """tournamentRewardingMailing""": """N""", """tournamentListMailing""": [], """persomanNumberVisible""": ["""88888888"""],  """persomanNumberHidden""": [], """gosbVisible""": [], """gosbHidden""": [], """tbVisible""": [], """tbHidden""": [], """businessBlock""": ["""KMKKSB"""], """typeRewarding""": """all"""};Факт;Системные;Эффективность КМ;EMPLOYEE;RATING_MAX;INTEGRAL;FACT;PRESET_VALUE;;0;>;[];ПРОМ;7;1;["""KMKKSB"""]
CONTEST_96;Категория темпа роста ОД;2023-01-01;4000-01-01;АКТИВНЫЙ;ТУРНИРНЫЙ;описание;{"""feature""": [], """vid""": """ПРОМ""", """momentRewarding""": """AFTER""", """minNumber""": 1, """capacity""": """""", """accuracy""": 0, """masking""": """N""", """tournamentStartMailing""": """N""", """tournamentEndMailing""": """N""", """tournamentLikeMailing""": """Y""", """tournamentRewardingMailing""": """N""", """tournamentListMailing""": [], """persomanNumberVisible""": ["""88888888"""],  """persomanNumberHidden""": [], """gosbVisible""": [], """gosbHidden""": [], """tbVisible""": [], """tbHidden""": [], """businessBlock""": ["""KMKKSB"""], """typeRewarding""": """all"""};Факт;Системные;Эффективность КМ;EMPLOYEE;RATING_MAX;INTEGRAL;FACT;PRESET_VALUE;;0;>;[];ПРОМ;7;1;["""KMKKSB"""]
CONTEST_999;товары;2023-07-01;4000-01-01;АКТИВНЫЙ;ИНДИВИДУАЛЬНЫЙ;Товары;{"""feature""": [], """vid""": """ПРОМ""", """momentRewarding""": """AFTER""", """minNumber""": 1, """capacity""": """""", """accuracy""": 0, """masking""": """N""", """tournamentStartMailing""": """N""", """tournamentEndMailing""": """N""", """tournamentLikeMailing""": """Y""", """tournamentRewardingMailing""": """Y""", """tournamentListMailing""": [], """persomanNumberVisible""": [],  """persomanNumberHidden""": [], """gosbVisible""": [], """gosbHidden""": [], """tbVisible""": [], """tbHidden""": [], """businessBlock""": ["""KMKKSB"""], """typeRewarding""": """all"""};Факт;Системные;Преференции;EMPLOYEE;CRITERION;INTEGRAL;FACT;PRESET_VALUE;;1;=;[];ПРОМ;7;1;["""KMKKSB"""]
CONTEST_m_01;Экосистема. Лучший СМНС по продажам продуктов экосистемы;2023-07-01;4000-01-01;АКТИВНЫЙ;ТУРНИРНЫЙ;Турнир проводится среди Старших менеджеров нефинансового сервиса. Чтобы стать участником, нужно закрыть хотя бы одну сделку по продаже продуктов экосистемы в текущем квартале. Рейтинг участников турнира строится по интегральному показателю, который на 50% зависит от доли статьи «Влияние на ЧОД» в общих доходах от продуктов экосистемы и еще на 50% от процентов от выполнения личного квартального плана по доходам от экосистемы. \\nПо итогам квартала ТОП-1 МНС в каждом тербанке получит серебряный бейдж, а ТОП-3 участника с максимальными результатами — золотую награду и публикацию про себя в ленте Сообщества. Удачи!;{"""feature""": ["""Данные обновляются раз в 2 недели"""], """vid""": """ПРОМ""", """momentRewarding""": """AFTER""", """minNumber""": 1, """capacity""": """""", """accuracy""": 2, """masking""": """N""", """tournamentStartMailing""": """N""", """tournamentEndMailing""": """Y""", """tournamentLikeMailing""": """Y""", """tournamentRewardingMailing""": """N""", """tournamentListMailing""": [], """persomanNumberVisible""": [],  """persomanNumberHidden""": [], """gosbVisible""": [], """gosbHidden""": [], """tbVisible""": [], """tbHidden""": [], """businessBlock""": ["""MNS"""], """typeRewarding""": """all"""};%;Экосистема;Все продукты;EMPLOYEE;RATING_MAX;INTEGRAL;FACT;PRESET_VALUE;;0;>;[];ПРОМ;7;1;["""MNS"""]
CONTEST_m_02;Экосистема. Лучший директор по продажам продуктов экосистемы;2023-07-01;4000-01-01;АРХИВНЫЙ;ТУРНИРНЫЙ;Турнир проводится среди Директоров управления продаж нефинансовых сервисов. Чтобы стать участником, нужно иметь показатель выполнения бизнес-плана по продаже нефинансовых сервисов в текущем квартале больший нуля. Рейтинг участников турнира строится по интегральному показателю, который на 50% зависит от доли статьи «Влияние на ЧОД» в общих доходах от продуктов экосистемы и еще на 50% от процентов от выполнения личного квартального плана по доходам от экосистемы. \\nПо итогам квартала ТОП-3 участника с максимальными результатами получат золотую награду и публикацию про себя в ленте Сообщества. Удачи!;{"""feature""": ["""Данные обновляются раз в 2 недели"""], """vid""": """ПРОМ""", """momentRewarding""": """AFTER""", """minNumber""": 1, """capacity""": """""", """accuracy""": 2, """masking""": """N""", """tournamentStartMailing""": """Y""", """tournamentEndMailing""": """N""", """tournamentLikeMailing""": """Y""", """tournamentRewardingMailing""": """Y""", """tournamentListMailing""": [], """persomanNumberVisible""": [],  """persomanNumberHidden""": [], """gosbVisible""": [], """gosbHidden""": [], """tbVisible""": [], """tbHidden""": [], """businessBlock""": ["""MNS"""], """typeRewarding""": """all"""};%;Экосистема;Все продукты;EMPLOYEE;RATING_MAX;INTEGRAL;FACT;PRESET_VALUE;;0;>;[];ПРОМ;7;1;["""MNS"""]
CONTEST_m_03;Экосистема. Лидер по числу сделок;2023-07-01;4000-01-01;АКТИВНЫЙ;ТУРНИРНЫЙ;Чтобы стать участником, необходимо за время турнира закрыть как минимум одну сделку попродуктпм экосистемы на полке ККСБ суммой от 50 тыс. руб. \\nЛучшие 10% участников в каждом ТБ станут победителями турнира и получат серебряный бейдж. ТОП-3 участника с лучшим результатом по всей стране станут обладателями золотой награды!;{"""feature""": ["""Данные обновляются раз в 2 недели"""], """vid""": """ПРОМ""", """momentRewarding""": """AFTER""", """minNumber""": 1, """capacity""": """""", """accuracy""": 0, """masking""": """N""", """tournamentStartMailing""": """Y""", """tournamentEndMailing""": """Y""", """tournamentLikeMailing""": """Y""", """tournamentRewardingMailing""": """Y""", """tournamentListMailing""": [], """persomanNumberVisible""":  [],  """persomanNumberHidden""": [], """gosbVisible""": [], """gosbHidden""": [], """tbVisible""": [], """tbHidden""": [], """businessBlock""": ["""MNS"""], """typeRewarding""": """all"""};шт.;Экосистема;Все продукты;EMPLOYEE;RATING_MAX;INTEGRAL;FACT;PRESET_VALUE;;0;>;[];ПРОМ;7;1;["""MNS"""]
CONTEST_m_04;Лидер по продаже образовательных услуг;2023-07-01;4000-01-01;АКТИВНЫЙ;ТУРНИРНЫЙ;Чтобы стать участником, необходимо за время турнира закрыть как минимум одну сделку по продуктам образовательных решений. ТОП-1 участников в каждом ТБ станут победителями турнира и получат серебряный бейдж. А участник с лучшим результатом по всей стране станет обладателями золотой награды!  \\nПродукты образовательных услуг,учавствующие в турнире: СберОбразование EDUTORIA, СберУниверситет Кастомизированные программы, СберУниверситет Готовые образовательные решения;{"""feature""": ["""Данные обновляются раз в 2 недели"""], """vid""": """ПРОМ""", """momentRewarding""": """AFTER""", """minNumber""": 1, """capacity""": """THOUSANDS""", """accuracy""": 2, """masking""": """N""", """tournamentStartMailing""": """Y""", """tournamentEndMailing""": """Y""", """tournamentLikeMailing""": """Y""", """tournamentRewardingMailing""": """Y""", """tournamentListMailing""": [], """persomanNumberVisible""":  [],  """persomanNumberHidden""": [], """gosbVisible""": [], """gosbHidden""": [], """tbVisible""": [], """tbHidden""": [], """businessBlock""": ["""MNS"""], """typeRewarding""": """all"""};Сумма, тыс. руб.;Экосистема;Образовательные;EMPLOYEE;RATING_MAX;INTEGRAL;FACT;PRESET_VALUE;;0;>;[];ПРОМ;7;1;["""MNS"""]
CONTEST_m_05;Лидер по продажам RAIT-продуктов;2023-07-01;4000-01-01;АКТИВНЫЙ;ТУРНИРНЫЙ;Чтобы стать участником, необходимо за время турнира закрыть как минимум одну сделку по продуктам категории RAIT-продукт. Лучшие 10% участников в каждом ТБ станут победителями турнира и получат серебряный бейдж. А участник с лучшим результатом по всей стране станет обладателями золотой награды!  \\nRAIT-продукты: BI.ZONE Кибербезопасность, Cloud Облачные Услуги Cloud, совместные решния со Strategy Partners, СберБанк Архитектурный консалтинг в ИТ и ЦРР ПО для ИТ инфраструктуры.;{"""feature""": ["""Данные обновляются раз в 2 недели"""], """vid""": """ПРОМ""", """momentRewarding""": """AFTER""", """minNumber""": 1, """capacity""": """THOUSANDS""", """accuracy""": 2, """masking""": """N""", """tournamentStartMailing""": """Y""", """tournamentEndMailing""": """Y""", """tournamentLikeMailing""": """Y""", """tournamentRewardingMailing""": """Y""", """tournamentListMailing""": [], """persomanNumberVisible""":  [],  """persomanNumberHidden""": [], """gosbVisible""": [], """gosbHidden""": [], """tbVisible""": [], """tbHidden""": [], """businessBlock""": ["""MNS"""], """typeRewarding""": """all"""};Сумма, тыс. руб.;Экосистема;RAIT;EMPLOYEE;RATING_MAX;INTEGRAL;FACT;PRESET_VALUE;;0;>;[];ПРОМ;7;1;["""MNS"""]
CONTEST_m_06;Лидер по продажам продуктов AI-native;2023-07-01;4000-01-01;АКТИВНЫЙ;ТУРНИРНЫЙ;Чтобы стать участником, необходимо за время турнира закрыть как минимум одну сделку по продуктам категории AI-Native. ТОП-1 в каждом ТБ станут победителями турнира и получат серебряный бейдж. А участник с лучшим результатом по всей стране станет обладателями золотой награды!  \\nПродукты категории AI-Native: SberDevices SBERJAZZ, SberDevices SaluteSpeech by Sber, SberDevices Умные устройства, АБК Робот-оператор, СберБизнесСофт СБЕРБизнесБот, СберБизнесСофт AI сервисы мониторинга и прогнозирования, СберБизнесСофт СберЛид, ТОТ Аналитика бизнеса, ТОТ Аналитика жилой и коммерческой недвижимости, ТОТ Аналитика потребителя, СберТех Process Mining от Сбера.;{"""feature""": ["""Данные обновляются раз в 2 недели"""], """vid""": """ПРОМ""", """momentRewarding""": """AFTER""", """minNumber""": 1, """capacity""": """THOUSANDS""", """accuracy""": 2, """masking""": """N""", """tournamentStartMailing""": """Y""", """tournamentEndMailing""": """Y""", """tournamentLikeMailing""": """Y""", """tournamentRewardingMailing""": """Y""", """tournamentListMailing""": [], """persomanNumberVisible""":  [],  """persomanNumberHidden""": [], """gosbVisible""": [], """gosbHidden""": [], """tbVisible""": [], """tbHidden""": [], """businessBlock""": ["""MNS"""], """typeRewarding""": """all"""};Сумма, тыс. руб.;Экосистема;AI-native;EMPLOYEE;RATING_MAX;INTEGRAL;FACT;PRESET_VALUE;;0;>;[];ПРОМ;7;1;["""MNS"""]
CONTEST_m_07;Лидер по продажам продуктов AI-featured;2023-07-01;4000-01-01;АКТИВНЫЙ;ТУРНИРНЫЙ;Чтобы стать участником, необходимо за время турнира закрыть как минимум одну сделку по продуктам категории AI-featured. Лучшие ТОП-1 в каждом ТБ станут победителями турнира и получат серебряный бейдж. А участник с лучшим результатом по всей стране станет обладателями золотой награды!  \\nПродукты категории AI-featured : СберБизнесСофт SberCRM, СберМаркетинг Рекламные услуги, СберТех Продукты PlatformV, Современные технологии Умный объект СОФТ ТЕХ Amelia 2.0;{"""feature""": ["""Данные обновляются раз в 2 недели"""], """vid""": """ПРОМ""", """momentRewarding""": """AFTER""", """minNumber""": 1, """capacity""": """THOUSANDS""", """accuracy""": 2, """masking""": """N""", """tournamentStartMailing""": """Y""", """tournamentEndMailing""": """Y""", """tournamentLikeMailing""": """Y""", """tournamentRewardingMailing""": """Y""", """tournamentListMailing""": [], """persomanNumberVisible""":  [],  """persomanNumberHidden""": [], """gosbVisible""": [], """gosbHidden""": [], """tbVisible""": [], """tbHidden""": [], """businessBlock""": ["""MNS"""], """typeRewarding""": """all"""};Сумма, тыс. руб.;Экосистема;AI-featured;EMPLOYEE;RATING_MAX;INTEGRAL;FACT;PRESET_VALUE;;0;>;[];ПРОМ;7;1;["""MNS"""]
CONTEST_m_08;Финалист конкурса лучший по профессии;2023-07-01;4000-01-01;АРХИВНЫЙ;ИНДИВИДУАЛЬНЫЙ;Стань финалистом конкурса лучший по профессии 2024 года;{"""feature""": [], """vid""": """ПРОМ""", """momentRewarding""": """DURIN""", """minNumber""": 1, """capacity""": """""", """accuracy""": 0, """masking""": """N""", """tournamentStartMailing""": """N""", """tournamentEndMailing""": """N""", """tournamentLikeMailing""": """Y""", """tournamentRewardingMailing""": """Y""", """tournamentListMailing""": [], """persomanNumberVisible""": [],  """persomanNumberHidden""": [], """gosbVisible""": [], """gosbHidden""": [], """tbVisible""": [], """tbHidden""": [], """businessBlock""": ["""MNS"""], """typeRewarding""": """all"""};Факт;Статусные;ЛПП;EMPLOYEE;CRITERION;INTEGRAL;FACT;PRESET_VALUE;;1;=;[];ПРОМ;7;1;["""MNS"""]
CONTEST_m_09;Призер конкурса лучший по профессии;2023-07-01;4000-01-01;АРХИВНЫЙ;ИНДИВИДУАЛЬНЫЙ;Стань призером конкурса лучший по профессии 2024 года;{"""feature""": [], """vid""": """ПРОМ""", """momentRewarding""": """DURIN""", """minNumber""": 1, """capacity""": """""", """accuracy""": 0, """masking""": """N""", """tournamentStartMailing""": """N""", """tournamentEndMailing""": """N""", """tournamentLikeMailing""": """Y""", """tournamentRewardingMailing""": """Y""", """tournamentListMailing""": [], """persomanNumberVisible""": [],  """persomanNumberHidden""": [], """gosbVisible""": [], """gosbHidden""": [], """tbVisible""": [], """tbHidden""": [], """businessBlock""": ["""MNS"""], """typeRewarding""": """all"""};Факт;Статусные;ЛПП;EMPLOYEE;CRITERION;INTEGRAL;FACT;PRESET_VALUE;;1;=;[];ПРОМ;7;1;["""MNS"""]
CONTEST_m_10;Победитель конкурса лучший по профессии;2023-07-01;4000-01-01;АРХИВНЫЙ;ИНДИВИДУАЛЬНЫЙ;Победи в конкурсе лучший по профессии 2024 года;{"""feature""": [], """vid""": """ПРОМ""", """momentRewarding""": """DURIN""", """minNumber""": 1, """capacity""": """""", """accuracy""": 0, """masking""": """N""", """tournamentStartMailing""": """N""", """tournamentEndMailing""": """N""", """tournamentLikeMailing""": """Y""", """tournamentRewardingMailing""": """Y""", """tournamentListMailing""": [], """persomanNumberVisible""": [],  """persomanNumberHidden""": [], """gosbVisible""": [], """gosbHidden""": [], """tbVisible""": [], """tbHidden""": [], """businessBlock""": ["""MNS"""], """typeRewarding""": """all"""};Факт;Статусные;ЛПП;EMPLOYEE;CRITERION;INTEGRAL;FACT;PRESET_VALUE;;1;=;[];ПРОМ;7;1;["""MNS"""]
CONTEST_s_01_01;1 инициатива;2023-07-01;4000-01-01;АКТИВНЫЙ;ИНДИВИДУАЛЬНЫЙ НАКОПИТЕЛЬНЫЙ;Стать автором инициативы в рамках профессионального сообщества или подать ее через СберБуст. При условии, что иницатива будет принята, а ты станешь участником ее реализации - ты автоматически включаешься в рейтинг участников.;{"""feature""": [], """vid""": """ПРОМ""", """momentRewarding""": """DURIN""", """minNumber""": 1, """capacity""": """""", """accuracy""": 0, """masking""": """N""", """tournamentStartMailing""": """N""", """tournamentEndMailing""": """N""", """tournamentLikeMailing""": """Y""", """tournamentRewardingMailing""": """Y""", """tournamentListMailing""": [], """persomanNumberVisible""": [],  """persomanNumberHidden""": [], """gosbVisible""": [], """gosbHidden""": [], """tbVisible""": [], """tbHidden""": [], """businessBlock""": ["""SERVICEMEN"""], """typeRewarding""": """all"""};шт.;Эффективность;Инициативы;EMPLOYEE;CRITERION;INTEGRAL;FACT;PRESET_VALUE;;1;=;[];ПРОМ;7;1;["""SERVICEMEN"""]
CONTEST_s_01_02;3 инициативы;2023-07-01;4000-01-01;АКТИВНЫЙ;ИНДИВИДУАЛЬНЫЙ НАКОПИТЕЛЬНЫЙ;Стать автором инициативы в рамках профессионального сообщества или подать ее через СберБуст. При условии, что иницатива будет принята, а ты станешь участником ее реализации - ты автоматически включаешься в рейтинг участников.;{"""feature""": [], """vid""": """ПРОМ""", """momentRewarding""": """DURIN""", """minNumber""": 1, """capacity""": """""", """accuracy""": 0, """masking""": """N""", """tournamentStartMailing""": """N""", """tournamentEndMailing""": """N""", """tournamentLikeMailing""": """Y""", """tournamentRewardingMailing""": """Y""", """tournamentListMailing""": [], """persomanNumberVisible""": [],  """persomanNumberHidden""": [], """gosbVisible""": [], """gosbHidden""": [], """tbVisible""": [], """tbHidden""": [], """businessBlock""": ["""SERVICEMEN"""], """typeRewarding""": """all"""};шт.;Эффективность;Инициативы;EMPLOYEE;CRITERION;INTEGRAL;FACT;PRESET_VALUE;;3;=;[];ПРОМ;7;1;["""SERVICEMEN"""]
CONTEST_s_01_03;5 инициатив;2023-07-01;4000-01-01;АКТИВНЫЙ;ИНДИВИДУАЛЬНЫЙ НАКОПИТЕЛЬНЫЙ;Стать автором инициативы в рамках профессионального сообщества или подать ее через СберБуст. При условии, что иницатива будет принята, а ты станешь участником ее реализации - ты автоматически включаешься в рейтинг участников.;{"""feature""": [], """vid""": """ПРОМ""", """momentRewarding""": """DURIN""", """minNumber""": 1, """capacity""": """""", """accuracy""": 0, """masking""": """N""", """tournamentStartMailing""": """N""", """tournamentEndMailing""": """N""", """tournamentLikeMailing""": """Y""", """tournamentRewardingMailing""": """Y""", """tournamentListMailing""": [], """persomanNumberVisible""": [],  """persomanNumberHidden""": [], """gosbVisible""": [], """gosbHidden""": [], """tbVisible""": [], """tbHidden""": [], """businessBlock""": ["""SERVICEMEN"""], """typeRewarding""": """all"""};шт.;Эффективность;Инициативы;EMPLOYEE;CRITERION;INTEGRAL;FACT;PRESET_VALUE;;5;=;[];ПРОМ;7;1;["""SERVICEMEN"""]
CONTEST_s_03;CSI на 100% ;2023-07-01;4000-01-01;АКТИВНЫЙ;ИНДИВИДУАЛЬНЫЙ НАКОПИТЕЛЬНЫЙ;Заверши 2 квартала подряд с показателем CSI, равным 100% и получи награду!;{"""feature""": [], """vid""": """ПРОМ""", """momentRewarding""": """AFTER""", """minNumber""": 1, """capacity""": """""", """accuracy""": 0, """masking""": """N""", """tournamentStartMailing""": """N""", """tournamentEndMailing""": """N""", """tournamentLikeMailing""": """Y""", """tournamentRewardingMailing""": """Y""", """tournamentListMailing""": [], """persomanNumberVisible""": [],  """persomanNumberHidden""": [], """gosbVisible""": [], """gosbHidden""": [], """tbVisible""": [], """tbHidden""": [], """businessBlock""": ["""SERVICEMEN"""], """typeRewarding""": """all"""};шт.;Эффективность;CSI;EMPLOYEE;CRITERION;INTEGRAL;FACT;PRESET_VALUE;;2;>=;[];ПРОМ;7;1;["""SERVICEMEN"""]
CONTEST_s_04;SLA на 100% ;2023-07-01;4000-01-01;АКТИВНЫЙ;ИНДИВИДУАЛЬНЫЙ НАКОПИТЕЛЬНЫЙ;Заверши 2 квартала подряд с показателем SLA, равным 100% и получи награду!;{"""feature""": [], """vid""": """ПРОМ""", """momentRewarding""": """AFTER""", """minNumber""": 1, """capacity""": """""", """accuracy""": 0, """masking""": """N""", """tournamentStartMailing""": """N""", """tournamentEndMailing""": """N""", """tournamentLikeMailing""": """Y""", """tournamentRewardingMailing""": """Y""", """tournamentListMailing""": [], """persomanNumberVisible""": [],  """persomanNumberHidden""": [], """gosbVisible""": [], """gosbHidden""": [], """tbVisible""": [], """tbHidden""": [], """businessBlock""": ["""SERVICEMEN"""], """typeRewarding""": """all"""};шт.;Эффективность;SLA;EMPLOYEE;CRITERION;INTEGRAL;FACT;PRESET_VALUE;;2;>=;[];ПРОМ;7;1;["""SERVICEMEN"""]
CONTEST_s_05;Финалист конкурса лучший по профессии;2023-07-01;4000-01-01;АКТИВНЫЙ;ИНДИВИДУАЛЬНЫЙ;Стань финалистом конкурса лучший по профессии 2024 года;{"""feature""": [], """vid""": """ПРОМ""", """momentRewarding""": """DURIN""", """minNumber""": 1, """capacity""": """""", """accuracy""": 0, """masking""": """N""", """tournamentStartMailing""": """N""", """tournamentEndMailing""": """N""", """tournamentLikeMailing""": """Y""", """tournamentRewardingMailing""": """Y""", """tournamentListMailing""": [], """persomanNumberVisible""": [],  """persomanNumberHidden""": [], """gosbVisible""": [], """gosbHidden""": [], """tbVisible""": [], """tbHidden""": [], """businessBlock""": ["""SERVICEMEN"""], """typeRewarding""": """all"""};Факт;Статусные;ЛПП;EMPLOYEE;CRITERION;INTEGRAL;FACT;PRESET_VALUE;;1;=;[];ПРОМ;7;1;["""SERVICEMEN"""]
CONTEST_s_06;Призер конкурса лучший по профессии;2023-07-01;4000-01-01;АКТИВНЫЙ;ИНДИВИДУАЛЬНЫЙ;Стань призером конкурса лучший по профессии 2024 года;{"""feature""": [], """vid""": """ПРОМ""", """momentRewarding""": """DURIN""", """minNumber""": 1, """capacity""": """""", """accuracy""": 0, """masking""": """N""", """tournamentStartMailing""": """N""", """tournamentEndMailing""": """N""", """tournamentLikeMailing""": """Y""", """tournamentRewardingMailing""": """Y""", """tournamentListMailing""": [], """persomanNumberVisible""": [],  """persomanNumberHidden""": [], """gosbVisible""": [], """gosbHidden""": [], """tbVisible""": [], """tbHidden""": [], """businessBlock""": ["""SERVICEMEN"""], """typeRewarding""": """all"""};Факт;Статусные;ЛПП;EMPLOYEE;CRITERION;INTEGRAL;FACT;PRESET_VALUE;;1;=;[];ПРОМ;7;1;["""SERVICEMEN"""]
CONTEST_s_07;Победитель конкурса лучший по профессии;2024-01-01;4000-01-01;АРХИВНЫЙ;ИНДИВИДУАЛЬНЫЙ;Победи в конкурсе лучший по профессии 2024 года;{"""feature""": [], """vid""": """ПРОМ""", """momentRewarding""": """DURIN""", """minNumber""": 1, """capacity""": """""", """accuracy""": 0, """masking""": """N""", """tournamentStartMailing""": """N""", """tournamentEndMailing""": """N""", """tournamentLikeMailing""": """Y""", """tournamentRewardingMailing""": """Y""", """tournamentListMailing""": [], """persomanNumberVisible""": [],  """persomanNumberHidden""": [], """gosbVisible""": [], """gosbHidden""": [], """tbVisible""": [], """tbHidden""": [], """businessBlock""": ["""SERVICEMEN"""], """typeRewarding""": """all"""};Факт;Статусные;ЛПП;EMPLOYEE;CRITERION;INTEGRAL;FACT;PRESET_VALUE;;1;=;[];ПРОМ;7;1;["""SERVICEMEN"""]